0000000000000000000000000000000000000000
0000000000000000000000000000000000000000
0000000000000000000000000000000000000000
0000000000000000000000000000000000000000
0000000000000000000000000000000000000000
0000000000000000000000000000000000000000
0000000000000000000000000000000000000000
0000000000000000000000000000000000000000
0000000000000000000000000000000000000000
0000000000000000000000000000000000000000
0000000000000000000000000000000000000000
0000000000000000000000000000000000000000
0000000000000000000000000000000000000000
0000000000000000000000000000000000000000
0000000000000000000000000000000000000000
0000000000000000000000000000000000000000
0000000000000000000000000000000000000000
0000000000000000000000000000000000000000
0000000000000000000000000000000000000000
1000000000000000000000000000000000000000
0100000000000000000000000000000000000000
0100000000000000000000000000000000000000
0100000000000000000000000000000000000000
0100000000000000000000000000000000000000
1000000000000000000000000000000000000000
0000000000000000000000000000000000000000
0000000000000000000000000000000000000000
1100000000000000000000000000000000000000
0100000000000000000000000000000000000000
0100000000000000000000000000000000000000
0100000000000000000000000000000000000000
0100000000000000000000000000000000000000
0100000000000000000000000000000000000000
0000000000000000000000000000000000000000
0100000000000000000000000000000000000000
1100000000000000000000000000000000000000
0100000000000000000000000000000000000000
0000000000000000000000000000000000000000
0000000000000000000000000000000000000000
0000000000000000000000000000000000000000
1000000000000000000000000000000000000000
0100000000000000000000000000000000000000
0100000000000000000000000000000000000000
0111000000000000000000000000000000000000
1101000000000000000000000000000000000000
1001000000000000000000000000000000000000
0000000000000000000000000000000000000000
0000000000000000000000000000000000000000
1000000000000000000000000000000000000000
1100000000000000000000000000000000000000
0100000000000000000000000000000000000000
0100000000000000000000000000000000000000
0100000000000000000000000000000000000000
1000000000000000000000000000000000000000
0000000000000000000000000000000000000000
0000000000000000000000000000000000000000
1100000000000000000000000000000000000000
0100000000000000000000000000000000000000
0100000000000000000000000000000000000000
0100000000000000000000000000000000000000
0100000000000000000000000000000000000000
0000000000000000000000000000000000000000
0000000000000000000000000000000000000000
1100000000000000000000000000000000000000
1100000000000000000000000000000000000000
0100000000000000000000000000000000000000
0100000000000000000000000000000000000000
0100000000000000000000000000000000000000
0100000000000000000000000000000000000000
0000000000000000000000000000000000000000
0000000000000000000000000000000000000000
0000000000000000000000000000000000000000
0000000000000000000000000000000000000000
0000000000000000000000000000000000000000
0000000000000000000000000000000000000000
0000000000000000000000000000000000000000
1100000000000000000000000000000000000000
0100000000000000000000000000000000000000
0100000000000000000000000000000000000000
0100000000000000000000000000000000000000
1000000000000000000000000000000000000000
0000000000000000000000000000000000000000
0000000000000000000000000000000000000000
1000000000000000000000000000000000000000
1100000000000000000000000000000000000000
0100000000000000000000000000000000000000
0100000000000000000000000000000000000000
0100000000000000000000000000000000000000
1000000000000000000000000000000000000000
0000000000000100000000000000000000000000
0000000000000010000000000000000000000000
1100000000000010000000000000000000000000
0000000000001001000000000000000000000000
0000000000010000010000000000000000000000
0000000000010000110000000000000000000000
1000000000100000001000000000000000000000
1100000000100000001000000000000000000000
0100000001000000000100000000000000000000
0000000010000000000010000000000000000000
0000000010000000000010000000000000000000
0000000100000000000001000000000000000000
0000001000000000000000100000000000000000
0000001000000000000000100000000000000000
0000010000000000000000011000000000000000
1100010000000000000000011000000000000000
0100100000000000000000000100000000000000
0101000000000000000000000010000000000000
0101000000000000000000000010000000000000
0110000000000000000000000101000000000000
0101000000000000000000001000000000000000
0001000000000000000000001000000000000000
1100100000000000000000010000000000000000
0100000000000000000000010000000000000000
0100010000000000000001100000000000000000
0100001000000000000010000000000000000000
0100001000000000000010000000000000000000
0000000100000000000100000000000000000000
0000000010000000001000000000000000000000
0000000010000000001000000000000000000000
0000000010000000010000000000000000000000
0000000010000000010000000000000000000000
0000000001000000100000000000000000000000
0000000000100011000000000000000000000000
1100000000100011000000000000000000000000
0000000000010100000000000000000000000000
0000000000001000000000000000000000000000
0000000000001000000000000000000000000000
1000000000010100000000000000000000000000
1100000000010100000000000000000000000000
0100000000000000000000000000000000000000
0000000000000000000000000000000000000000
1100000000000000000000000000000000000000
0100000000000000000000000000000000000000
0100000000000000000000000000000000000000
0100000000000000000000000000000000000000
0100000000000000000000000000000000000000
0000000000000000000000000000000000000000
0000000000000000000000000000000000000000
0000000000000000000000000000000000000000
1000000000000000000000000000000000000000
0100000000000000000000000000000000000000
0100000000000000000000000000000000000000
0100000000000000000000000000000000000000
0100000000000000000000000000000000000000
0000000000000000000000000000000000000000
0000000000000000000000000000000000000000
0000000000000000000000000000000000000000
0000000000000000000000000000000000000000
1100000000000000000000000000000000000000
0000000000000000000000000000000000000000
0000000000000000000000000000000000000000
0100000000000000000000000000000000000000
1000000000000000000000000000000000000000
0000000000000000000000000000000000000000
0000000000000000000000000000000000000000
0000000000000000000000000000000000000000
0000000000000000000000000000000000000000
1000000000000000000000000000000000000000
0100000000000000000000000000000000000000
0000000000000000000000000000000000000000
1100000000000000000000000000000000000000
0000000000000000000000000000000000000000
0000000000000000000000000000000000000000
0000000000000000000000000000000000000000
1100000000000000000000000000000000000000
1100000000000000000000000000000000000000
0000000000000000000000000000000000000000
0000000000000000000000000000000000000000
0000000000000000000000000000000000000000
1000000000000000000000000000000000000000
0100000000000000000000000010000000000000
0100000000000000000000000010000000000000
0100011111111111111111111100000000000000
0100001000000000000000000100000000000000
1100001000000000000000000100000000000000
0000000100000000000000001000000000000000
0000000100000000000000001000000000000000
1100000010000000000000010000000000000000
0100000010000000000000100000000000000000
0100000010000000000000100000000000000000
0100000001000000000000100000000000000000
0100000000100000000001000000000000000000
0100000000100000000001000000000000000000
0000000000010000000010000000000000000000
1100000000010000000010000000000000000000
0100000000001000000100000000000000000000
0100000000000100000100000000000000000000
0100000000000100000100000000000000000000
0100000000000100001000000000000000000000
0000000000000010010000000000000000000000
0000000000000010010000000000000000000000
0000000000000001100000000000000000000000
0000000000000001100000000000000000000000
0000000000000000100000000000000000000000
0000000000000001000000000000000000000000
0000000000000001000000000000000000000000
0000000000000000000000000000000000000000
0000000000000000000000000000000000000000
0000000000000000000000000000000000000000
0000000000000000000000000000000000000000
0000000000000000000000000000000000000000
0000000000000000000000000000000000000000
0000000000000000000000000000000000000000
0000000000000000000000000000000000000000
0000000000000000000000000000000000000000
0000000000000000000000000000000000000000
0000000000000000000000000000000000000000
0000000000000000000000000000000000000000
0000000000000000000000000000000000000000
0000000000000000000000000000000000000000
0000000000000000000000000000000000000000
0000000000000000000000000000000000000000
0000000000000000000000000000000000000000
0000000000000000000000000000000000000000
0000000000000000000000000000000000000000
0000000000000000000000000000000000000000
0000000000000000000000000000000000000000
0000000000000000000000000000000000000000
0000000000000000000000000000000000000000
0000000000000000000000000000000000000000
0000000000000000000000000000000000000000
0000000000000000000000000000000000000000
0000000000000000000000000000000000000000
1111111111110111111111111111111111111111
1111111111110011111111111111111111111111
1111111111111111111111111111111111111111
1111111111111111111111111111111111111111
1111111111111111111111111111111111111111
1111101111111111111111111111111111111111
1111111111111111111111111111111111111111
1111111111111111111111111111111111111111
1111111111111111111111111111111111111111
1111111111111111111111111111111111111111
1111111111111111111111111111111111111111
1111111111111110111111111111111111111111
1111111111111100111111111111111111111111
1111111111111100001111111111111111111111
1111111111111000000111111111111111111111
1111111111110000000111111111111111111111
1111111111100000000111111111111111111111
1111111111100000000011111111111111111111
1111111110000000000011111111111111111111
1111111110000000000011111111111111111111
1111111110000000000011111111111111111111
1111111100000000000011111111111111111111
1001111000000000000011111111111111111111
1001111000000000000111111111111111111111
0000000000000000000111111111111111111111
0000000000000000000111111111111111111111
0000000000000000001111111111111111111111
0100110000000000001001111111111111111111
0010100000000000001000111111111111111111
0000000000000000000000111111111111111111
0000000000000000000000111111111111111111
0000000000000000000000111111111111111111
0000000000000000000000111111111111111111
0000000000000000000000011111111111111111
0000000000000000000000111111111111111111
0000000000000000000000111111111111111111
0000000000000000000000101111111111111111
0000000000000000000001101111111111111100
0000000000000000000001111111111111111100
0000000100000000000001111111111111111100
0000010000000000000000011111111111111111
0000000000000000000000001111111111111011
0000001000000000000000001111111111110000
0000000000000000000000001111111111111000
0000000000000000000000001111111111110001
0000000000000000000000001111111111110000
0000000000000000000000001111111111110000
