0000000000000000000000000000000000000000
0000000000000000000000000000000000000000
0000000000000000000000000000000000000000
0000000000000000000000000000000000000000
0000000000000000000000000000000000000000
0000000000000000000000000000000000000000
0000000000000000000000000000000000000000
0000000000000000000000000000000000000000
0000000000000000100000000000000000000000
0000000000000001010000000000000000000000
0000000000000001010000000000000000000000
0000000000000010010000000000000000000000
0000000000000010010100000000000000000000
0000000000000100001100000000000000000000
0000000000011000001100000000000000000000
0000000000011000001100000000000000000000
0000000000100000010100000000000000000000
0000000001000000100100000000000000000000
0000000001000000100100000000000000000000
0000000010000001000110000000000000000000
0000000010000001000110000000000000000000
0000000100000010000010000000000000000000
0000011000000100000011000000000000000000
0000011000000100000011000000000000000000
1000100000001000000011000000000000000000
1001000000010000000010100000000000000000
1001000000010000000010100000000000000000
1010000000100000000010100000000000000000
0010000000100000000010100000000000000000
0111000001000000000010010000000000000000
0000111111000000000010010000000000000000
1000111111000000000010010000000000000000
1000000100111111000010001000000000000000
1000001000010000111110001000000000000000
1000001000010000111111001000000000000000
1000010000001000000010111100000000000000
1000010000000000000010111100000000000000
0000100001000100000001000000000000000000
1001000010000010000001000000000000000000
1001000010000010000001000000000000000000
1010000010000010000001000000000000000000
0100000100000001000001000000000000000000
0100000100000001000001000000000000000000
0111100100000000100001000000000000000000
0111100100000000100001000000000000000000
1000011111100000010001000000000000000000
1000010000011111111000000000000000000000
1110010000011111111000000000000000000000
1010010000000000001111000000000000000000
0010100000000000000100000000000000000000
0000100000000000000100000000000000000000
0001000000000000000010000000000000000000
0001000000000000000010000000000000000000
1001000000000000000001000000000000000000
1010000000000000000000100000000000000000
1010000000000000000000100000000000000000
1010000000000000000000010000000000000000
0100000000000000000000001000000000000000
0100000000000000000000001000000000000000
0000000000000000000000001000000000000000
1000000000000000000000001000000000000000
1000000000000000000000000100000000000000
1111111111111111111111111110000000000000
1111111111111111111111111110000000000000
1000000000000000000000000000000000000000
0000000000000000000000000000000000000000
0000000000000000000000000000000000000000
1000000000000000000000000000000000000000
1000000000000000000000000000000000000000
1000000000000000000000000000000000000000
1000000000000000000000000000000000000000
1000000000000000000000000000000000000000
1000000000000000000000000000000000000000
0000000000000000000000000000000000000000
0000000000000000000000000000000000000000
0000000000000000000000000000000000000000
0000000000000000000000000000000000000000
0000000000000000000000000000000000000000
0000000000000000000000000000000000000000
0000000000000000000000000000000000000000
1000000000000000000000000000000000000000
1000000000000000000000000000000000000000
1000000000000000000000000000000000000000
1000000000000000000000000000000000000000
0000000000000000000000000000000000000000
0000000000000000100000000000000000000000
0000000000000001000000000000000000000000
0000000000000001000000000000000000000000
1000000000000010100000000000000000000000
1000000000000100010000000000000000000000
1000000000000100010000000000000000000000
1000000000001000001000000000000000000000
0000000000001000001000000000000000000000
0000000000010000000100000000000000000000
0000000000100000000010000000000000000000
1000000000100000000010000000000000000000
0000000001000000000001000000000000000000
0000000001000000000001000000000000000000
0000000001000000000001000000000000000000
0000000010000000000000100000000000000000
1000000010000000000000100000000000000000
1000000100000000000000010000000000000000
0000001000000000000000001000000000000000
0000001000000000000000001000000000000000
0000010000000000000000000100000000000000
0000100000000000000000000010000000000000
0000100000000000000000000010000000000000
0001000000000000000000000001000000000000
1001000000000000000000000001000000000000
1100000000000000000000000010000000000000
1010000000000000000000000100000000000000
1010000000000000000000000100000000000000
1001100000000000000000001000000000000000
1000010000000000000000010000000000000000
0000010000000000000000010000000000000000
1000001000000000000001100000000000000000
1000000000000000000001100000000000000000
1000000100000000000010000000000000000000
1000000011000000000100000000000000000000
1000000011000000000100000000000000000000
0000000000100000001000000000000000000000
0000000000010000010000000000000000000000
0000000000010000010000000000000000000000
0000000000001100100000000000000000000000
0000000000001100100000000000000000000000
0000000000000010000000000000000000000000
0000000000000001000000000000000000000000
1000000000000001000000000000000000000000
0000000000000000000000000000000000000000
0000000000000000000000000000000000000000
0000000000000000000000000000000000000000
0000000000000000000000000000000000000000
1000000000000000000000000000000000000000
1000000000000000000000000000000000000000
0000000000000000000000000000000000000000
1000000000000000000000000000000000000000
1000000000000000000000000000000000000000
1000000000000000000000000000000000000000
1000000000000000000000000000000000000000
1000000000000000000000000000000000000000
0000000000000000000000000000000000000000
0000000000000000000000000000000000000000
0000000000000000000000000000000000000000
0000000000000000000000000000000000000000
1000000000000000000000000000000000000000
1000000000000000000000000000000000000000
1000000000000000000000000000000000000000
1000000000000000000000000000000000000000
0000000000000000000000000000000000000000
0000000000000000000000000000000000000000
0000000000000000000000000000000000000000
0000000000000000000000000000000000000000
1000000000000000000000000000000000000000
0000000000000000000000000000000000000000
0000000000000000000000000000000000000000
1000000000000000000000000000000000000000
0000000000000000000000000000000000000000
0000000000000000000000000000000000000000
0000000000000000000000000000000000000000
0000000000000000000000000000000000000000
0000000000000000000000000000000000000000
0000000000000001000000000000000000000000
1000000000000001000000000000000000000000
0000000000000001000000000000000000000000
1000000000000001000000000000000000000000
0000000000000001010000000000000000000000
0000000000000001001000000000000000000000
0000000000000001001000000000000000000000
1000000000000001000100000000000000000000
1000000000000001000100000000000000000000
0000000000000001000100000000000000000000
0000000000000001000010000000000000000000
0000000000000001000010000000000000000000
0000000000000001000001000000000000000000
1000000000000001000000100000000000000000
1000000000000001000000100000000000000000
1000000000000001000000100000000000000000
1000000000000001000000010000000000000000
1000000000000001000000010000000000000000
0000000000000010000000001000000000000000
0000000000000010000000001000000000000000
1000000000000010000000000100000000000000
1000000000000010000000000100000000000000
1000000000000010000000000100000000000000
1000000000000010000000000010100000000000
1000000000000010000000000011000000000000
1000000000000010000000000011000000000000
0000000000000010000000001100000000000000
1000000000000010000000001100000000000000
1000000000000010000000110000000000000000
1000000000000010000001000000000000000000
1000000000000010000001000000000000000000
1000000000000010000110000000000000000000
0000000000000010011000000000000000000000
0000000000000010011000000000000000000000
0000000000000011100000000000000000000000
0000000000000011100000000000000000000000
0000000000000010000000000000000000000000
0000000000000000000000000000000000000000
0000000000000000000000000000000000000000
0000000000000000000000000000000000000000
0000000000000000000000000000000000000000
0000000000000000000000000000000000000000
0000000000000000000000000000000000000000
0000000000000000000000000000000000000000
0000000000000000000000000000000000000000
0000000000000000000000000000000000000000
0000000000000000000000000000000000000000
0000000000000000000000000000000000000000
0000000000000000000000000000000000000000
0000000000000000000000000000000000000000
0000000000000000000000000000000000000000
0000000000000000000000000000000000000000
0000000000000000000000000000000000000000
0000000000000000000000000000000000000000
0000000000000000000000000000000000000000
0000000000000000000000000000000000000000
0000000000000000000000000000000000000000
0000000000000000000000000000000000000000
0000000000000000000000000000000000000000
0000000000000000000000000000000000000000
0000000000000000000000000000000000000000
0000000000000000000000000000000000000000
0000000000000000000000000000000000000000
0000000000000000000000000000000000000000
0000000000000000000000000000000000000000
0000000000000000000000000000000000000000
1111111111111111111111111000000001110000
1111111111111111111111110000000001000000
1111111111111111111111110000000011000010
1111111111111111111111100000000011000110
1111111111111111111100000000000011001111
1111111111111111111000000000000110001111
1111111111111111000000000000000110001110
1111111111110000000000000000000110001111
1111111111100000000000000000001111111111
1011111111100000000000000000001111111111
0011111111100000000000000000000111111111
0111111111100000000000000000000111111111
0101101111000000000000000000000111111110
1111000110000000000000000000000111111110
1111000000000000000000000000000111111110
1111000000000000000000000000000111111111
1111000000000000000000100001000111111111
1000000000000000000000100001100111111111
1000011000000000000001100011000111111111
0011100000000000000011000110000111111111
1011100000000000000011000011000111111111
1011101100000000000011001001000111011111
1110001100000000000011000000000111011101
1100000000000000000111000000000111111001
1000000000000000000111000000000111111101
0000000000000000000011000000000111111100
0000000000000000000001000000000111111000
0000000000000000000000000000000110111000
0000000000000000000100000000001110111000
0000000000000000000100000000001111111000
0000000000000000000100000000011011011111
0000000000000000000000000100011011001100
0000000000000000001010000100011001001100
1000000000000000001010000000011000001000
1000000000000000001111000000111000000001
0000000000000000001101110001111000001110
0000000000000000011100000011111110001000
0000000000000000011111000001111110001000
0000000000000000010011000101011110001000
0000000000000000110000100100011110111110
0000000000000000100000100001011111000000
0000000000000001100000000000011111100000
0000000000010001000000000000011111100000
