1111111111111110111111111111111111111111
1111111111100111111111111111111111111111
1111111111110111111111111111111111111111
1111111111110111111111111111111111111111
1111111111111111111111111111111111111111
1111111111111111111111111111111111111111
1111111111101111111111111111111111111111
1111111111101111111111111111111111011111
1111111111101111111111111111111111011111
1111111111111111111111111111111110011111
1111111111111111111111111111111110111111
1111111111111111110111111111111100111111
1111111111111111111111111111100000111111
0000000000000000000000000000000000000000
0000000000000000000000000000000000000000
0000000000000000000000000000000000000000
0000000000000000000000000000000000000000
0000000000000000000000000000000000000000
0000000000000000000000000000000000000000
0000000000000000000000000000000000000000
0000000000000000000000000000000000000000
0000000000000000000000000000000000000000
0000000000000000000000000000000000000000
0000000000000000000000000000000000000000
0000000000000000000000000000000000000000
0000000000000000000000000000000000000000
0000000000000000000000000000000000000000
0000000000000000000000000000000000000000
0000000000000000000000000000000000000000
0000000000000000000000000000000000000000
0000000000000000000000000000000000000000
0000000000000000000000000000000000000000
0000000000000000000000000000000000000000
0000000000000000000000000000000000000000
0000000000000000000000000000000000000000
0000000000000000000000000000000000000000
0000000000000000000000000000000000000000
0000000000000000000000000000000000000000
0000000000000000000000000000000000000000
0000000000000000000000000000000000000000
0000000000000000000000000000000000000000
0000000000000000000000000000000000000000
0000000000000000000000000000000000000000
0000000000000000000000000000000000000000
0000000000000000000000000000000000000000
0000000000000000000000000000000000000000
0000000000000000000000000000000000000000
0000000000000000000000000000000000000000
0000000000000000000000000000000000000000
0000000000000000000000000000000000000000
0000000000000000000000000000000000000000
0000000000000000000000000000000000000000
0000000000000000000000000000000000000000
0000000000000000000000000000000000000000
0000000000000000000000000000000000000000
0000000000000000000000000000000000000000
0000000000000000000000000000000000000000
0000000000000000000000000000000000000000
0000000000000000000000000000000000000000
0000000000000000000000000000000000000000
0000000000000000000000000000000000000000
0000000000000000000000000000000000000000
0000000000000000000000000000000000000000
0000000000000000000000000000000000000000
0000000000000000000000000000000000000000
0000000000000000000000000000000000000000
0000000000000000000000000000000000000000
0000000000000000000000000000000000000000
0000000000000000000000000000000000000000
0000000000000000000000000000000000000000
0000000000000000000000000000000000000000
0000000000000000000000000000000000000000
0000000000000000000000000000000000000000
1100000000000000000000000000000000000000
0100000000000000000000000000000000000000
0100000000000000000000000000000000000000
0000000000000000000000000000000000000000
0000000000000000000000000000000000000000
0000000000000000000000000000000000000000
0000000000000000000000000000000000000000
0000000000000000000000000000000000000000
0000000000000000000000000000000000000000
0000000000000000000000000000000000000000
0000000000000000000000000000000000000000
0000000000000000000000000000000000000000
0000000000000000000000000000000000000000
0000000000000000000000000000000000000000
0000000000000000000000000000000000000000
0000000000000000000000000000000000000000
0000000000000000000000000000000000000000
0000000000000000000000000000000000000000
0000000000000000000000000000000000000000
0000000000000000000000000000000000000000
0000000000000000000000000000000000000000
0000000000000000000000000000000000000000
0000000000000000000000000000000000000000
0000000000000000000000000000000000000000
0000000000000000000000000000000000000000
0000000000000000001110000000000000000000
0000000000001111000010000000000000000000
0000000000001111110010000000000000000000
0000000111110000000001000000000000000000
0000000111110000000001000000000000000000
0000111000000000000001000000000000000000
0000010000000000000001000000000000000000
0000010000000000000001000000000000000000
0000010000000000000001000000000000000000
0000010000000000000000100000000000000000
0000010000000000000000100000000000000000
0000001000000000000000100000000000000000
0000001000000000000000100000000000000000
0000001000000000000000100000000000000000
0000001000000000000000100000000000000000
0000001000000000000000100000000000000000
0000001000000000000000010000000000000000
0000001000000000000000010000000000000000
0000001000000000000000010000000000000000
0000000100000000000000010000000000000000
0000000100000000000000010000000000000000
0000000100000000000000010000000000000000
0000000100000000000000001000000000000000
0000000100000000000000001000000000000000
0000000100000000000000001000000000000000
0000000100000000011111111000000000000000
0000000100000000011111111000000000000000
0000000010111111100000000000000000000000
0000000010111111100000000000000000000000
0000000010000000000000000000000000000000
0000000010000000000000000000000000000000
0000000010000000000000000000000000000000
0000000000000000000000000000000000000000
0000000000000000000000000000000000000000
0000000000000000000000000000000000000000
0000000000000000000000000000000000000000
0000000000000000000000000000000000000000
0000000000000000000000000000000000000000
0000000000000000000000000000000000000000
0000000000000000000000000000000000000000
0000000000000000000000000000000000000000
0000000000000000000000000000000000000000
0000000000000000000000000000000000000000
0000000000000000000000000000000000000000
0000000000000000000000000000000000000000
0000000000000000000000000000000000000000
0000000000000000000000000000000000000000
0000000000000000000000000000000000000000
0000000000000000000000000000000000000000
0000000000000000000000000000000000000000
0000000000000000000000000000000000000000
0000000000000000000000000000000000000000
0000000000000000000000000000000000000000
0000000000000000000000000000000000000000
0000000000000000000000000000000000000000
0000000000000000000000000000000000000000
0000000000000000000000000000000000000000
0000000000000000000000000000000000000000
0000000000000000000000000000000000000000
0000000000000000000000000000000000000000
0000000000000000000000000000000000000000
0000000000000000000000000000000000000000
0000000000000000000000000000000000000000
0000000000000000000000000000000000000000
0000000000000000000000000000000000000000
0000000000000000000000000000000000000000
0000000000000000000000000000000000000000
0000000000000000000000000000000000000000
0000000000000000000000000000000000000000
0000000000000000000000000000000000000000
0000000000000000000000001000000000000000
0000000000000000000000001000000000000000
0000000000000000111111110000000000000000
0000000001111011000000010000000000000000
0000000001111111000000010000000000000000
0000000000100000000000100000000000000000
0000000000100000000000100000000000000000
0000000000010000000000100000000000000000
0000000000001000000001000000000000000000
0000000000001000000001000000000000000000
0000000000000110000001000000000000000000
0000000000000001000010000000000000000000
0000000000000001000010000000000000000000
0000000000000000100010000000000000000000
0000000000000000100010000000000000000000
0000000000000000010100000000000000000000
0000000100000000001100000000000000000000
0000000100000000001100000000000000000000
0000000111000000001000000000000000000000
0000000100100000000000000000000000000000
0000000100100000000000000000000000000000
0000000010011000000001000000000000000000
0000000010011000000001000000000000000000
0000000010000100000010000000000000000000
0000000010000010001100010000000000000000
0000000010000010001100010000000000000000
0000000010000001110000010000000000000000
0000000001000000110001110000000000000000
0000000001000000110001110000000000000000
0000000001000001001110010000000000000000
0000000001000001001110010000000000000000
0000000001000110111010010000000000000000
0000000001001011000000010000000000000000
0000000001001011000000010000000000000000
0000000000111100000000100000000000000000
0000000000110000000000100000000000000000
0000000000110000000000100000000000000000
0000000011100000000000100000000000000000
0000000011100000000000100000000000000000
0000000100000000000000100000000000000000
0000001000000000000000100000000000000000
0000001000000000000000100000000000000000
0000010000000000000000100000000000000000
0001100000000000000000100000000000000000
0001100000000000000000100000000000000000
0010000000000000000000100000000000000000
0010000000000000000000100000000000000000
0110000000000000000000100000000000000000
0001110000000000000000100000000000000000
0001110000000000000000100000000000000000
0000001100000000000000100000000000000000
0000000011100000000000100000000000000000
0000000011100000000000100000000000000000
0000000000011100000001000000000000000000
0000000000011100000001000000000000000000
0000000000000011000001000000000000000000
0000000000000000111001000000000000000000
0000000000000000111001000000000000000000
0000000000000000000111000000000000000000
0000000000000000000001000000000000000000
0000000000000000000001000000000000000000
0000000000000000000001000000000000000000
0000000000000000000001000000000000000000
0000000000000000000000000000000000000000
0000000000000000000000000000000000000000
0000000000000000000000000000000000000000
0000000000000000000000000000000000000000
0000000000000000000000000000000000000000
0000000000000000000000000000000000000000
0000000000000000000000000000000000000000
0000000000000000000000000000000000000000
0000000000000000000000000000000000000000
0000000000000000000000000000000000000000
0000000000000000000000000000000000000000
0000000000000000000000000000000000000000
0000000000000000000000000000000000000000
0000000000000000000000000000000000000000
0000000000000000000000000000000000000000
0000000000000000000000000000000000000000
0000000000000000000000000000000000000000
0000000000000000000000000000000000000000
0000000000000000000000000000000000000000
0000000000000000000000000000000000000000
0000000000000000000000000000000000000000
0000000000000000000000000000000000000000
1111111111110101111111111111111111111111
1111111111111101111111111111111111111111
1111111111011111111111111111111111111111
1111111111011111111111111111111111111111
1111111111111101111111111111111111111111
1111111111111111111110111111111111111111
1111111111111111111110111111111111110011
1111111111111111111111111111111111110011
1111111111111111111111111111111111110011
1111111111111111111111111111111111111111
1111111111111111111111111111111111101111
1111110011111111111111111111111111000011
1111111111111111111111111111111111100011
1111111111111111111111111111111111000111
1111111111111111111011111111111111000000
1111111111110111111111111111111111000000
1111111111110010111111111111111111100000
