0000000000000000000000000000000000000000
0000000000000000000000000000000000000000
0000000000000000000000000000000000000000
0000000000000000000000000000000000000000
0000000000000000000000000000000000000000
0000000000000000000000000000000000000000
0000000000000000000000000000000000000000
0000000000000000000000000000000000000000
0000000100000000000000000000000000000000
0000000100000000000000000000000000000000
0000000110000000000000000000000000000000
0000001010000000000000000000000000000000
0000001010000000000000000000000000000000
0000001001000000000000000000000000000000
0000001001000000000000000000000000000000
0000001001000000000000000000000000000000
0000010000100000000000000000000000000000
0000010000100000000000000000000000000000
0000010000010000000000000000000000000000
0000010000010000000000000000000000000000
0000010000010000000000000000000000000000
0000100000001000000000000000000000000000
0000100000001000000000000000000000000000
0000100000001000000000000000000000000000
0000100000000100000000000000000000000000
0000100000000100000000000000000000000000
1001000000000010000000000000000000000000
1001000000000010000000000000000000000000
1001000000000010000000000000000000000000
1001000000000001000000000000000000000000
0001000000000001000000000000000000000000
0010000000000000100000000000000000000000
0010000000000000100000000000000000000000
1010000000000000100000000000000000000000
1010000000000000010000000000000000000000
1000000000000000010000000000000000000000
1100000000000000010000000000000000000000
1100000000000000001000000000000000000000
1100000000000000001000000000000000000000
0000000000000000000100000000000000000000
1000000000000000000100000000000000000000
1000000000000000000100000000000000000000
1000000000000000000010000000000000000000
0111110000000000000010000000000000000000
0111110000000000000010000000000000000000
0000001111111111000001000000000000000000
0000001111111111000001000000000000000000
1000000000000000111110000000000000000000
1000000000000000000000000000000000000000
1110000000000000000000000000000000000000
1010000000000000000000000000000000000000
0010000000000000000000000000000000000000
0000000000000000000000000000000000000000
0000000000000010000000000000000000000000
0000000000000010000000000000000000000000
1000000000000100000000000000000000000000
1000000000001000000000000000000000000000
1000000000001000000000000000000000000000
1000000000010100000000000000000000000000
0000000000100010000000000000000000000000
0000000000100010000000000000000000000000
0000000001000001000000000000000000000000
1000000001000001000000000000000000000000
1000000110000000100000000000000000000000
1000001000000000010000000000000000000000
1000001000000000010000000000000000000000
1000010000000000010000000000000000000000
0000100000000000001000000000000000000000
0000100000000000001000000000000000000000
1001000000000000000100000000000000000000
1000000000000000000100000000000000000000
1010000000000000000010000000000000000000
1100000000000000000001000000000000000000
1100000000000000000001000000000000000000
1000000000000000000000100000000000000000
0000000000000000000000010000000000000000
0000000000000000000000010000000000000000
0100000000000000000000100000000000000000
0100000000000000000000100000000000000000
0010000000000000000011000000000000000000
0001000000000000000100000000000000000000
0001000000000000000100000000000000000000
1000100000000000001000000000000000000000
1000000000000000110000000000000000000000
1000010000000000110000000000000000000000
1000001000000001000000000000000000000000
0000000000000001000000000000000000000000
0000000100000010000000000000000000000000
0000000010001100000000000000000000000000
0000000010001100000000000000000000000000
1000000001010000000000000000000000000000
1000000000100000000000000000000000000000
1000000000100000000000000000000000000000
1000000000000000000000000000000000000000
0000000000000000000000000000000000000000
0000000000000000000000000000100000000000
0000000000000000000000000011000000000000
1000000000000000000000000011000000000000
0000000000000000000000000110000000000000
0000000000000000000000011010000000000000
0000000000000000000000011010000000000000
0000000000000000000000100010000000000000
1000000000000000000000100010000000000000
1000000000000000000001000010000000000000
0000000000000000000110000010000000000000
0000000000000000000110000010000000000000
0000000000000000001000000010000000000000
0000000000000000100000000010000000000000
0000000000000000110000000010000000000000
0000000000000001000000000010000000000000
1000000000000001000000000010000000000000
1000000000000110000000000010000000000000
1000000000001000000000000010000000000000
1000000000001000000000000010000000000000
1000000000110000000000000010000000000000
1000000001000000000000000010000000000000
0000000001000000000000000010000000000000
1000000010000000000000000010000000000000
1000000010000000000000000010000000000000
1000001100000000000000000010000000000000
1000010000000000000000000010000000000000
1000010000000000000000000010000000000000
0001100000000000000000000010000000000000
0011000000000000000000000010000000000000
0011000000000000000000000010000000000000
0000111100000000000000000010000000000000
0000111100000000000000000010000000000000
0000000011110000000000000010000000000000
0000000000001111000000000010000000000000
1000000000001111000000000010000000000000
0000000011000000111100000010000000000000
0000001000111000000011110010000000000000
0000001000111000000011110010000000000000
0000001000000111000000001110000000000000
1000001000000111000000001110000000000000
1000000100000000111001000000000000000000
0000000100000000000111010000000000000000
1000000100000000000111010000000000000000
1000000010000000001000111000000000000000
1000000010000000010000001111100000000000
1000000010000000010000001111100000000000
1000000001000001100000001001110000000000
0000000001000001100000001001110000000000
0000000001000010000000001001000000000000
0000000000100100000000001010000000000000
0000000000100100000000001010000000000000
1000000000111000000000000110000000000000
1000000000110000000000000100000000000000
1000000000110000000000000100000000000000
1000000001010000000000001100000000000000
0000000001010000000000001100000000000000
0000011110001000000000001100000000000000
0000001110001000000000010010000000000000
0000001110001000000000010010000000000000
1000000001100100000000100010000000000000
0000000000011100000000100010000000000000
0000000000011100000000100010000000000000
1000000000000011000001000010000000000000
0000000000000011000001000010000000000000
0000000000000010110001000001000000000000
0000000000000001001110000001000000000000
0000000000000001001110000001000000000000
0000000000000001000111100001000000000000
0000000000000000100100011001000000000000
1000000000000000100100011001000000000000
0000000000000000101000000110100000000000
1000000000000000101000000110100000000000
0000000000000000011000000001100000000000
0000000000000000010000000000000000000000
0000000000000000010000000000000000000000
1000000000000000000000000000000000000000
1000000000000000000000000000000000000000
0000000000000000000000000000000000000000
0000000000000000000000000000000000000000
0000000000000000000000000000000000000000
0000000000000000000000000000000000000000
1000000000000000000000000000000000000000
1000000000000000000000000000000000000000
1000000000000000000000000000000000000000
1000000000000000000000000000000000000000
1000000000000000000000000000000000000000
0000000000000000000000000000000000000000
0000000000000000000000000000000000000000
1000000000000000000000000000000000000000
1000000000000000000000000000000000000000
1000000000000000000000000000000000000000
1000000000000000000000000000000000000000
1000000000000000000000000000000000000000
1000000000000000000000000000000000000000
0000000000000000000000000000000000000000
1000000000000000000000000000000000000000
1000000000000000000000000000000000000000
1000000000000000000000000000000000000000
1000000000000000000000000000000000000000
1000000000000000000000000000000000000000
0000000000000000000000000000000000000000
0000000000000000000000000000000000000000
0000000000000000000000000000000000000000
0000000000000000000000000000000000000000
0000000000000000000000000000000000000000
0000000000000000000000000000000000000000
0000000000000000000000000000000000000000
0000000000000000000000000000000000000000
0000000000000000000000000000000000000000
0000000000000000000000000000000000000000
0000000000000000000000000000000000000000
0000000000000000000000000000000000000000
0000000000000000000000000000000000000000
0000000000000000000000000000000000000000
0000000000000000000000000000000000000000
0000000000000000000000000000000000000000
0000000000000000000000000000000000000000
0000000000000000000000000000000000000000
0000000000000000000000000000000000000000
0000000000000000000000000000000000000000
0000000000000000000000000000000000000000
0000000000000000000000000000000000000000
0000000000000000000000000000000000000000
0000000000000000000000000000000000000000
0000000000000000000000000000000000000000
0000000000000000000000000000000000000000
0000000000000000000000000000000000000000
0000000000000000000000000000000000000000
0000000000000000000000000000000000000000
0000000000000000000000000000000000000000
0000000000000000000000000000000000000000
0000000000000000000000000000000000000000
0000000000000000000000000000000000000000
0000000000000000000000000000000000000000
1111111111111111111111111111111111111111
1111111111111111111111111111111111111111
1111111111111111111111111111111111111111
1111111111111111111111111111111111111111
1111111111111111111111111111111111111111
1111111111111101111111111111111111111111
1111111111111001111111111111111111111111
1111111111111000011111111111111111111111
1111111111110000001111111111111111111111
1111111111100000001111111111111111111111
1111111111000000001111111111111111111111
1111111111000000000111111111111111111111
1111111100000000000111111111111111111111
1111111100000000000111111111111111111111
1111111100000000000111111111111111111111
1111111000000000000111111111111111111111
0011110000000000000111111111111111111111
0011110000000000001111111111111111111111
0000000000000000001111111111111111111111
0000000000000000001111111111111111111111
0000000000000000011111111111111111111111
1001100000000000010011111111111111111111
0101000000000000010001111111111111111111
0000000000000000000001111111111111111111
0000000000000000000001111111111111111111
0000000000000000000001111111111111111111
0000000000000000000001111111111111111111
0000000000000000000000111111111111111111
0000000000000000000001111111111111111111
0000000000000000000001111111111111111111
0000000000000000000001011111111111111111
0000000000000000000011011111111111111001
0000000000000000000011111111111111111001
0000001000000000000011111111111111111001
0000100000000000000000111111111111111111
0000000000000000000000011111111111110111
0000010000000000000000011111111111100001
0000000000000000000000011111111111110001
0000000000000000000000011111111111100011
0000000000000000000000011111111111100000
0000000000000000000000011111111111100000
