43 49 41 101 116 36 23 50 44 58 104 23 23 23 23 60 118 74 69 59 46 53 66 40
36 50 39 89 89 83 42 50 37 57 63 72 56 36 40 83 97 107 62 87 83 66 46 50
42 66 36 65 87 87 72 42 62 37 83 78 78 36 56 71 118 100 44 87 94 87 68 56
68 46 69 57 96 92 96 42 75 49 87 89 96 54 64 83 99 114 58 83 94 94 74 64
101 42 74 43 111 106 111 56 70 42 78 101 96 70 71 78 50 83 60 82 82 82 70 56
106 36 53 39 94 96 96 68 43 44 58 76 68 58 56 71 23 66 63 87 83 83 74 62
96 36 96 40 83 89 92 68 60 68 50 71 56 31 56 72 36 71 54 62 63 66 62 53
92 42 59 50 83 87 87 72 46 53 54 71 56 37 50 78 60 107 54 43 46 58 56 43
87 42 78 40 70 76 76 63 50 60 54 71 50 40 36 78 63 121 37 49 43 46 43 40
82 42 54 43 58 63 58 50 33 33 35 46 37 46 31 79 104 97 26 37 30 35 35 30
87 36 56 33 58 56 54 42 31 36 35 40 43 40 23 58 148 58 39 59 66 46 40 30
114 36 72 40 72 58 58 42 35 33 39 43 46 42 30 19 24 39 37 26 33 3 11 35
78 46 54 46 72 66 62 36 39 37 46 49 50 42 26 26 32 33 42 30 46 15 19 35
42 54 46 49 66 54 60 36 46 30 57 43 63 31 43 26 41 53 35 15 65 19 28 46
66 40 35 83 87 92 100 43 23 40 58 76 99 46 26 24 33 43 31 43 59 33 19 37
70 74 36 174 87 115 72 74 69 92 128 95 95 58 50 15 15 49 63 49 70 54 28 99
65 41 115 104 88 53 78 62 137 97 96 134 26 31 35 54 36 32 32 24 36 72 35 103
96 114 100 79 103 36 126 149 150 70 68 115 79 50 57 26 50 36 39 48 41 57 69 32
26 30 15 39 66 44 30 54 97 78 78 63 123 32 50 43 30 35 39 28 30 50 50 44
70 19 58 24 63 97 35 54 95 88 78 72 46 39 53 57 40 35 39 35 28 54 46 44
59 96 92 53 57 92 78 87 56 78 83 74 43 37 35 46 40 43 30 35 43 41 74 53
39 32 35 40 30 33 60 82 66 54 104 87 100 68 40 44 50 40 44 49 43 39 49 109
28 32 32 28 28 19 99 72 100 104 83 83 107 117 54 50 39 46 49 46 43 46 53 59
53 62 59 59 50 76 109 56 115 97 87 100 117 117 95 46 54 50 43 44 49 54 40 49
35 39 32 28 15 95 184 103 109 92 100 107 107 113 107 70 50 49 40 53 49 46 50 53
67 70 104 70 36 78 134 121 100 94 107 117 113 110 108 92 50 43 50 49 54 40 53 46
45 69 54 116 100 95 137 123 100 107 117 117 110 108 108 100 56 54 40 49 46 46 46 50
41 36 28 15 24 70 140 123 107 117 117 118 113 110 110 107 68 40 49 50 49 50 46 57
33 58 35 35 3 150 134 123 123 129 125 118 113 108 108 107 83 50 54 49 46 49 62 46
28 57 24 19 88 150 150 107 129 129 125 118 113 110 110 113 106 31 50 49 57 50 57 65
28 57 24 15 150 140 140 140 140 133 125 118 113 108 110 113 96 60 54 50 49 46 66 46
44 82 39 35 166 144 144 150 125 133 125 118 113 108 110 108 92 50 33 43 43 53 43 46
57 66 36 83 150 151 151 144 123 133 125 118 113 108 110 108 92 46 37 50 50 50 50 53
41 41 39 95 148 140 140 140 125 140 133 118 113 108 108 108 97 56 46 58 50 58 46 53
61 100 75 70 123 76 99 133 114 133 125 125 118 113 108 108 100 60 50 49 46 60 50 54
99 184 66 89 109 101 78 107 107 133 125 118 113 108 108 108 107 60 46 46 46 66 56 63
78 184 50 49 57 87 87 56 107 133 133 118 113 113 108 108 100 56 46 54 50 56 54 50
37 78 71 43 145 148 210 156 78 110 125 125 118 113 108 108 100 50 37 58 49 56 50 54
72 39 92 49 88 188 222 242 132 109 110 118 118 113 108 108 92 46 26 46 50 50 46 49
58 70 100 56 43 188 222 201 242 180 128 123 125 118 113 118 78 60 50 40 50 54 58 40
26 46 62 71 37 148 222 150 255 222 148 115 107 107 110 118 72 40 50 49 53 49 54 54
41 35 54 87 49 92 174 188 255 222 174 140 107 100 94 99 76 37 42 40 49 50 56 46
35 32 35 104 60 54 166 201 222 210 184 158 140 114 107 92 46 53 62 50 43 46 50 50
41 39 33 83 71 39 137 188 201 201 184 166 151 140 129 83 37 49 40 35 33 49 43 35
35 39 50 72 92 49 92 88 97 100 100 94 99 92 97 97 54 68 49 66 37 40 43 54
50 49 58 72 100 60 50 123 150 166 158 107 151 151 140 109 62 35 35 46 43 37 39 40
57 66 100 66 128 64 40 109 101 109 99 100 78 99 100 82 83 62 68 46 63 43 46 40
103 26 70 72 89 87 50 79 107 95 137 148 114 123 109 66 63 74 40 82 60 35 57 43
87 143 132 89 24 156 56 63 121 37 53 104 107 92 76 57 72 78 58 82 94 43 57 43
151 152 154 130 166 140 109 117 66 65 57 41 54 53 61 46 57 59 32 35 39 43 39 39
154 154 159 149 136 140 145 104 97 74 83 83 87 76 70 74 66 99 58 63 123 92 44 49
154 153 160 113 124 151 128 104 115 132 99 117 121 99 92 87 88 66 63 78 121 62 44 72
136 135 138 104 75 158 184 63 78 32 72 28 63 37 63 24 72 46 50 88 78 50 58 49
139 132 132 132 69 107 100 115 65 83 82 145 121 99 74 94 82 70 60 68 115 11 44 40
111 101 106 83 44 72 58 121 53 54 59 121 123 82 36 88 35 30 19 54 62 24 23 26
83 107 87 54 49 72 109 109 140 62 83 121 144 140 74 70 69 58 50 62 30 30 26 26
73 49 80 40 61 137 72 104 115 23 87 134 140 129 68 43 43 43 50 53 54 54 50 37
62 59 66 56 57 53 39 26 19 39 100 140 134 129 100 39 49 49 43 50 46 43 43 40
92 107 82 97 59 100 82 87 76 83 97 134 140 133 107 48 50 53 53 53 57 53 44 49
137 137 137 100 42 115 115 109 109 115 97 140 144 140 114 66 63 68 68 68 62 62 58 57
49 78 114 48 95 56 59 45 53 57 92 148 158 144 117 72 78 83 83 83 83 83 72 72
49 58 109 50 61 95 72 53 49 70 128 173 173 151 129 97 109 114 128 145 148 157 166 157
50 46 82 45 57 32 57 46 41 89 148 201 210 174 134 72 82 76 72 72 68 68 72 76
33 60 68 69 59 68 63 43 58 74 157 222 255 201 140 70 82 76 72 66 66 66 62 62
39 48 58 66 66 65 90 43 92 53 145 210 255 242 121 68 83 83 83 79 79 79 79 79
40 61 56 68 64 66 59 56 97 49 132 180 242 242 128 100 115 114 123 134 134 134 134 123
36 39 28 63 64 66 57 78 35 59 83 166 201 222 72 82 82 82 88 95 100 100 100 115
24 32 28 50 66 64 65 92 40 51 65 143 188 156 117 117 109 103 99 92 92 83 92 78
24 24 28 28 66 64 66 73 78 40 38 70 76 41 53 70 92 53 78 61 83 69 74 46
19 19 19 24 63 64 68 57 47 60 62 65 68 54 58 66 92 72 46 49 50 66 82 35
62 32 33 63 54 66 66 65 44 36 48 71 109 56 48 46 157 46 63 30 23 144 140 72
126 119 79 114 48 66 64 62 46 29 40 66 95 95 43 66 49 54 53 43 35 78 150 114
88 87 124 47 41 68 64 63 50 32 41 55 75 54 50 37 63 57 33 58 56 50 114 151
104 94 61 47 54 54 66 64 53 39 33 49 77 43 37 57 50 50 46 54 56 40 114 159
79 103 34 47 49 46 60 64 58 39 29 41 52 46 87 46 50 68 37 40 66 46 104 123
69 70 54 62 53 48 56 56 60 45 28 41 74 50 50 128 100 35 54 79 46 40 82 140
