1111111111111111111111111001111000011111
0000000000000000000000000000000000000000
0000000000000000000000000000000000000000
0000000000000000000000000000000000000000
0000000000000000000000000000000000000000
0000000000000000000000000000000000000000
0000000000000000000000000000000000000000
0000000000000000000000000000000000000000
0000000000000000000000000000000000000000
0000000000000000000000000000000000000000
0000000000000000000000000000000000000000
0000000000000000000000000000000000000000
0000000000000000000000000000000000000000
0000000000000000000000000000000000000000
0000000000000000000000000000000000000000
0000000000000000000000000000000000000000
0000000000000000000000000000000000000000
0000000000000000000000000000000000000000
0000000000000000000000000000000000000000
0000000000000000000000000000000000000000
0000000000000000000000000000000000000000
0000000000000000000000000000000000000000
0000000000000000000000000000000000000000
0000000000000000000000000000000000000000
0000000000000000000000000000000000000000
0000000000000000000000000000000000000000
0000000000000000000000000000000000000000
0000000000000000000000000000000000000000
0000000000000000000000000000000000000000
0000000000000000000000000000000000000000
0000000000000000000000000000000000000000
0000000000000000000000001100000000000000
0000000000000000000000001100000000000000
0000000000000000000000111000000000000000
0000000000000000000000111000000000000000
0000000000000000000011010000000000000000
0000000000000000001100010000000000000000
1000000000000000001100010000000000000000
0100000000000000110000100000000000000000
0100000000000011000000100000000000000000
0100000000000011000000100000000000000000
0100000000001100000000100000000000000000
1000000000001100000000100000000000000000
0000000000110000000001000000000000000000
0000000011000000000001000000000000000000
1100000011000000000001000000000000000000
0100001100000000000010000000000000000000
0100110000000000000010000000000000000000
0100110000000000000010000000000000000000
0111000000000000000010000000000000000000
0111000000000000000010000000000000000000
0010000000000000000100000000000000000000
0101100000000000000100000000000000000000
1101100000000000000100000000000000000000
0100011000000000001000000000000000000000
0000000110000000001000000000000000000000
0000000110000000001000000000000000000000
0000000001000000001000000000000000000000
1000000001000000001000000000000000000000
0100000000110000010000000000000000000000
0100000000001100010000000000000000000000
0111000000001100010000000000000000000000
1101011000000011100000000000000000000000
1001010110000000110000000000000000000000
0000010110000000110000000000000000000000
0000001001110000001000000000000000000000
1000001001000000001000000000000000000000
1100001000001110000000000000000000000000
0100001000000001100000000000000000000000
0100001000000001100000000000000000000000
0100000100000000011100000000000000000000
1000000100000000000011110000000000000000
0000000100000000000011110000000000000000
0000000100000000000011000000000000000000
1100000100000000000011000000000000000000
0100000010000000001100000000000000000000
0100000010000000110000000000000000000000
0100000010000000110000000000000000000000
0100000010000011000000000000000000000000
0000000001001100000000000000000000000000
0000000001001100000000000000000000000000
1100000001110000000000000000000000000000
1100000001000000000000000000000000000000
0100000001000000000000000000000000000000
0100000000100000000000000000000000000000
0100000000100000000000000000000000000000
0100000000100000000000000000000000000000
0000000000000000000000000000000000000000
0000000000000000000000000000000000000000
0000000000000000000000000000000000000000
0000000000000000000000000000000000000000
0000000000000000000000000000000000000000
0000000000000000000000000000000000000000
0000000000000000000000000000000000000000
1100000000000000000000000000000000000000
0100000000000000000000000000000000000000
0100000000000000000000000000000000000000
0100000000000000000000000000000000000000
1000000000000000000000000000000000000000
0000000000000000000000000000000000000000
0000000000000000000000000000000000000000
1000000000000000000000000000000000000000
1100000000000000000000000000000000000000
0100000000000000000000000000000000000000
0100000000000000000000000000000000000000
0100000000000000000000000000000000000000
1000000000000000000000000000000000000000
0000000000000000000000000000000000000000
0000000000000000000000000000000000000000
1100000000000000000000000000000000000000
0000000000000000000000000000000000000000
0000000000000000000000000000000000000000
0000000000000000000000000000000000000000
1000000000000000000000000000000000000000
1100000000000000000000000000000000000000
0100000000000000000000000000000000000000
0000000000000000000000000000000000000000
0000000000000000000000000000000000000000
0000000000000000000000000000000000000000
0000000000000000000000000000000000000000
0000000000000000000000000000000000000000
0000000000000000000000000000000000000000
1100000000000000000000000000000000000000
0100000000000000000000000000000000000000
0100000000000000000000000000000000000000
0100000000000000000000000000000000000000
0100000000000000000000000000000000000000
0100000000000000000000000000000000000000
0000000000000000000000000000000000000000
1100000000000000000000000000000000000000
0100000000000000000000000000000000000000
0100000000000000000000000000000000000000
0100000000000000000000000000000000000000
0100000000000000000000000000000000000000
0000000000000000000000000000000000000000
0000000000000000000000000000000000000000
0000000000000000000000000000000000000000
0000000000000000000000000000000000000000
0000000000000000000000000000000000000000
0000000000000000000000000000000000000000
0000000000000000000000000000000000000000
1100000000000000000000000000000000000000
0000000000000000000000000000000000000000
0000000000000000000000000000000000000000
0000000000000000000000000000000000000000
1000000000000000000000000000000000000000
1100000000000000000000000000000000000000
0100000000000000000000000000000000000000
0000000000000000000000000000000000000000
1100000000000000000000000000000000000000
0100000000000000000000000000000000000000
0100000000000000000000000000000000000000
0100000000000000000000000000000000000000
0100000000000000000000000000000000000000
0000000000000000000000000000000000000000
0000000000000000000000000000000000000000
0000000000000000000000000000000000000000
1000000000000000000000000000000000000000
0100000000000000000000000000000000000000
0100000000000000000000000000000000000000
0100000000000000000000000000000000000000
0100000000000000000000000000000000000000
0000000000000000000000000000000000000000
0000000000000000000000000000000000000000
0000000000000000000000000000000000000000
0000000000000000000000000000000000000000
1100000000000000000000000000000000000000
0000000000000000000000000000000000000000
0000000000000000000000000000000000000000
0100000000000000000000000000000000000000
1000000000000000000000000000000000000000
0000000000000000000000000000000000000000
0000000000000000000000000000000000000000
0000000000000000000000000000000000000000
0000000000000000000000000000000000000000
1000000000000000000000000000000000000000
0100000000000000000000000000000000000000
0000000000000000000000000000000000000000
1100000000000000000000000000000000000000
0000000000000000000001000000000000000000
0000000000000000000010000000000000000000
0000000000000000000010000000000000000000
1100000000000000000110000000000000000000
1100000000000000011001000000000000000000
0000000000000000011001000000000000000000
0000000000000000100000100000000000000000
0000000000000000100000100000000000000000
1000000000000001000000100000000000000000
0100000000000010000000010000000000000000
0100000000000010000000010000000000000000
0100000000000100000000001000000000000000
0100000000001000000000000100000000000000
1100000000001000000000000100000000000000
0000000000110000000000000010000000000000
0000000000000000000000000010000000000000
1100000001000000000000000010000000000000
0100000010000000000000000001000000000000
0100000010000000000000000001000000000000
0100000110000000000000000000100000000000
0100000001000000000000000000010000000000
0100000001000000000000000000010000000000
0000000001000000000000000000010000000000
1100000001000000000000000000010000000000
0100000000100000000000000000001000000000
0100000000010000000000000000010100000000
0100000000010000000000000000010100000000
0100000000010000000000000001100000000000
0000000000001000000000000010000000000000
0000000000001000000000000010000000000000
0000000000000100000000000100000000000000
0000000000000100000000000100000000000000
0000000000000010000000011000000000000000
0000000000000010000000100000000000000000
0000000000000010000000100000000000000000
0000000000000001000001000000000000000000
0000000000000000100110000000000000000000
0000000000000000100110000000000000000000
0000000000000000101000000000000000000000
0000000000000000101000000000000000000000
0000000000000000010000000000000000000000
0000000000000000000000000000000000000000
0000000000000000000000000000000000000000
0000000000000000000000000000000000000000
0000000000000000000000000000000000000000
0000000000000000000000000000000000000000
0000000000000000000000000000000000000000
0000000000000000000000000000000000000000
0000000000000000000000000000000000000000
0000000000000000000000000000000000000000
0000000000000000000000000000000000000000
0000000000000000000000000000000000000000
0000000000000000000000000000000000000000
0000000000000000000000000000000000000000
0000000000000000000000000000000000000000
0000000000000000000000000000000000000000
0000000000000000000000000000000000000000
0000000000000000000000000000000000000000
0000000000000000000000000000000000000000
0000000000000000000000000000000000000000
0000000000000000000000000000000000000000
0000000000000000000000000000000000000000
0111100000000000000000000000000011111111
0111100000000000000000000000000011111111
0111100000000000000000010000100011111111
0100000000000000000000010000110011111111
0100001100000000000000110001100011111111
1001110000000000000001100011000011111111
1101110000000000000001100001100011111111
0101110110000000000001100100100011101111
0111000110000000000001100000000011101110
0110000000000000000011100000000011111100
1100000000000000000011100000000011111110
1000000000000000000001100000000011111110
1000000000000000000000100000000011111100
0000000000000000000000000000000011011100
0000000000000000000010000000000111011100
0000000000000000000010000000000111111100
0000000000000000000010000000001101101111
0000000000000000000000000010001101100110
0000000000000000000101000010001100100110
0100000000000000000101000000001100000100
1100000000000000000111100000011100000000
1000000000000000000110111000111100000111
0000000000000000001110000001111111000100
0000000000000000001111100000111111000100
0000000000000000001001100010101111000100
0000000000000000011000010010001111011111
0000000000000000010000010000101111100000
0000000000000000110000000000001111110000
0000000000001000100000000000001111110000
