1111111111111111111111111001111000011111
1111111111111111111111000001111000011111
1111111111111111111111000011100011111111
1111111111111111111111001111001111111111
1110111111111111111111001111111111111111
1110111111111111111110011111110011111111
1110111111111111111110001111100011111111
0011011111111111111111011111111011111111
0011011111111111111110111111111111111111
0011111111111111111110111111111111111111
0111111111111111111111001111111111110111
1111111111111111111111001111111111100111
1111111111111111111111111111111100000111
1111111111111111111111110111110000000111
1111111111111111111111101111110000001111
1111111111111111111111111111000000011111
1111111111111111111111111111000000011111
1111111111111111001110001111000000111111
1111111111111000000000000110000000111111
1111111111100000000000000000000000111111
1111111110000000000000000000001000111111
0000000000000000000000000000000000000000
0000000000000000000000000000000000000000
0000000000000000000000000000000000000000
0000000000000000000100000000000000000000
0000000000000000000100000000000000000000
0000000000000000000100000000000000000000
0000000000000000011010000000000000000000
0000000000000000011010000000000000000000
0000000000000001100010000000000000000000
0000000000000001000010000000000000000000
0000000000000110000010000000000000000000
0000000000011000000001000000000000000000
0000000000011000000001000000000000000000
0000000001100000000001000000000000000000
0000000110000000000001000000000000000000
0000000110000000000001000000000000000000
0000011000000000000001000000000000000000
0000011000000000000001000000000000000000
0001100000000000000000100000000000000000
0010000000000000000000100000000000000000
0010000000000000000000100000000000000000
0011000000000000000000100000000000000000
0000110000000000000000010000000000000000
0000110000000000000000010000000000000000
0000001110000000000000010000000000000000
0000001110000000000000010000000000000000
0000000001100000000000010000000000000000
0000000000011100000000001000000000000000
0000000000011100000000001000000000000000
0000000000000011100000001000000000000000
0000000000000000011000001000000000000000
0000000000000000011000001000000000000000
0000000000000000000111001000000000000000
0000000000000000000111001000000000000000
0000000000000000000000110100000000000000
0000000000000000000000001100000000000000
1000000000000000000000001100000000000000
0100000000000000000000000000000000000000
0100000000000000000000000000000000000000
0100000000000000000000000000000000000000
0100000000000000000000000000000000000000
1000000000000000000000000000000000000000
0000000000000000000000000000000000000000
0000000000000000000000000000000000000000
1100000000000000000000000000000000000000
0100000000000000000000000000000000000000
0100000000000000000000000000000000000000
0100000000000000000000000000000000000000
0100000000000000000000000000000000000000
0100000000000000000000000000000000000000
0000000000000000000000000000000000000000
0100000000000000000000000000000000000000
1100000000000000000000000000000000000000
0100000000000000000000000000000000000000
0000000000000000000000000000000000000000
0000000000000000000000000000000000000000
0000000000000000000000000000000000000000
1000000000000000000000000000000000000000
0100000000000000000000000000000000000000
0100000000000000000000000000000000000000
0111000000000000000000000000000000000000
1101000000000000000000000000000000000000
1001000000000000000000000000000000000000
0000000000000000000000000000000000000000
0000000000000000000000000000000000000000
1000000000000000000000000000000000000000
1100000000000000000000000000000000000000
0100000000000000000000000000000000000000
0100000000000000000000000000000000000000
0100000000000000000000000000000000000000
1000000000000000000000000000000000000000
0000000000000000000000000000000000000000
0000000000000000000000000000000000000000
1100000000000000000000000000000000000000
0100000000000000000000000000000000000000
0100000000000000000000000000000000000000
0100000000000000000000000000000000000000
0100000000000000000000000000000000000000
0000000000000000000000000000000000000000
0000000000000000000000000000000000000000
1100000000000000000000000000000000000000
1100000000000000000000000000000000000000
0100000000000000000000000000000000000000
0100000000000000000000000000000000000000
0100000000000000000000000000000000000000
0100000000000000000000000000000000000000
0000000000000000000000000000000000000000
0000000000000000000000000000000000000000
0000000000000000000000000000000000000000
0000000000000000000000000000000000000000
0000000000000000000000000000000000000000
0000000000000000000000000000000000000000
0000000000000000000000000000000000000000
1100000000000000000000000000000000000000
0100000000000000000000000000000000000000
0100000000000000000000000000000000000000
0100000000000000000000000000000000000000
1000000000000000000000000000000000000000
0000000000000000000000000000000000000000
0000000000000000000000000000000000000000
1000000000000000000000000000000000000000
1100000000000000000000000000000000000000
0100000000000000000000000000000000000000
0100000000000000000000000000000000000000
0100000000000000000000000000000000000000
1000000000000000000000000000000000000000
0000000000000000000000000000000000000000
0000000000000000000000000000000000000000
1100000000000000000000000000000000000000
0000000000000000001000000000000000000000
0000000000000000000110000000000000000000
0000000000000000000110000000000000000000
1000000000000000000100000000000000000000
1100000000000000000100000000000000000000
0100000000000000000110000000000000000000
0000000000000000001010000000000000000000
0000000000000000001010000000000000000000
0000000000000000001001000000000000000000
0000000000000000010000100000000000000000
0000000000000000010000100000000000000000
0000000000000000100000100000000000000000
1100000000000000100000100000000000000000
0100000000000000100000010000000000000000
0100000000000001000000010000000000000000
0100000000000001000000010000000000000000
0100000000000001000000001000000000000000
0100000000000010000000001000000000000000
0000000000000010000000001000000000000000
1100000000000100000000000100000000000000
0100000000000100000000000100000000000000
0100000000000100000000000010000000000000
0100000000001000000000000010000000000000
0100000000001000000000000010000000000000
0000000000010000000000000001000000000000
0000000000010000000000000001000000000000
0000000000010000000000000001000000000000
0000000000100000000000000000100000000000
0000000000100000000000000000100000000000
0000000000100000000000000000000000000000
0000000001000000000000000111000000000000
1100000001000000000000000111000000000000
0000000010000000000001111000000000000000
0000000010000000011100000000000000000000
0000000010000000011110000000000000000000
1000000100000111100000000000000000000000
1100000100010111100000000000000000000000
0100000101111000000000000000000000000000
0000001110000000000000000000000000000000
1100001110000000000000000000000000000000
0100000000000000000000000000000000000000
0100000000000000000000000000000000000000
0100000000000000000000000000000000000000
0100000000000000000000000000000000000000
0000000000000000000000000000000000000000
0000000000000000000000000000000000000000
0000000000000000000000000000000000000000
1000000000000000000000000000000000000000
0100000000000000000000000000000000000000
0100000000000000000000000000000000000000
0100000000000000000000000000000000000000
0100000000000000000000000000000000000000
0000000000000000000000000000000000000000
0000000000000000000000000000000000000000
0000000000000000000000000000000000000000
0000000000000000000000000000000000000000
1100000000000000000000000000000000000000
0000000000000000000000000000000000000000
0000000000000000000000000000000000000000
0100000000000000000000000000000000000000
1000000000000000000000000000000000000000
0000000000000000000000000000000000000000
0000000000000000000000000000000000000000
0000000000000000000000000000000000000000
0000000000000000000000000000000000000000
1000000000000000000000000000000000000000
0100000000000000000000000000000000000000
0000000000000000000000000000000000000000
1100000000000000000000000000000000000000
0000000000000000000000000000000000000000
0000000000000000000000000000000000000000
0000000000000000000000000000000000000000
1100000000000010000000000000000000000000
1100000000000100000000000000000000000000
0000000000000100000000000000000000000000
0000000000001100000000000000000000000000
0000000000001100000000000000000000000000
1000000000001010000000000000000000000000
0100000000010001100000000000000000000000
0100000000010001100000000000000000000000
0100000000100000010000000000000000000000
0100000001000000001000000000000000000000
1100000001000000001000000000000000000000
0000000001000000000100000000000000000000
0000000001000000000100000000000000000000
1100000010000000000010000000000000000000
0100000100000000000001100000000000000000
0100000100000000000001100000000000000000
0100001000000000000000010000000000000000
0100001000000000000000001000000000000000
0100001000000000000000001000000000000000
0000010000000000000000010000000000000000
1100010000000000000000010000000000000000
0100100000000000000001100000000000000000
0100000000000000000010000000000000000000
0100000000000000000010000000000000000000
0110000000000000000100000000000000000000
0001100000000000001000000000000000000000
0001100000000000001000000000000000000000
0000011000000000010000000000000000000000
0000011000000000010000000000000000000000
0000000110000001100000000000000000000000
0000000001100010000000000000000000000000
0000000001100010000000000000000000000000
0000000000011100000000000000000000000000
0000000000000110000000000000000000000000
0000000000000110000000000000000000000000
0000000000000001000000000000000000000000
0000000000000001000000000000000000000000
0000000000000000000000000000000000000000
0000000000000000000000000000000000000000
0000000000000000000000000000000000000000
0000000000000000000000000000000000000000
0000000000000000000000000000000000000000
0000000000000000000000000000000000000000
0000000000000000000000000000000000000000
0000000000000000000000000000000000000000
0000000000000000000000000000000000000000
0000000000000000000000000000000000000000
0000000000000000000000000000000000000000
0000000000000000000000000000000000000000
0000000000000000000000000000000000000000
0000000000000000000000000000000000000000
0000000000000000000000000000000000000000
0000000000000000000000000000000000000000
0000000000000000000000000000000000000000
0000000000000000000000000000000000000000
0000000000000000000000000000000000000000
0000000000000000000000000000000000000000
0000000000000000000000000000000000000000
0000000000000000000000000000000000000000
1100000000000000000111100000011100000000
1000000000000000000110111000111100000111
0000000000000000001110000001111111000100
0000000000000000001111100000111111000100
0000000000000000001001100010101111000100
0000000000000000011000010010001111011111
0000000000000000010000010000101111100000
0000000000000000110000000000001111110000
0000000000001000100000000000001111110000
