1111111111111111111110000011110000111111
1111111111111111111110000111000111111111
0000000000000000000000000000000000000000
0000000000000000000000000000000000000000
0000000000000000000000000000000000000000
0000000000000000000000000000000000000000
0000000000000000000000000000000000000000
0000000000000000000000000000000000000000
0000000000000000000000000000000000000000
0000000000000000000000000000000000000000
0000000000000000000000000000000000000000
0000000000000000000000000000000000000000
0000000000000000000000000000000000000000
0000000000000000000000000000000000000000
0000000000000000000000000000000000000000
0000000000000000000000000000000000000000
0000000000000000000000000000000000000000
0000000000000000000000000000000000000000
0000000000000000000000000000000000000000
0000000000000000000000000000000000000000
0000000000000000000000000000000000000000
0000000000000000000000000000000000000000
0000000000000000000000000000000000000000
0000000000000000000000000000000000000000
0000000000000000000000000000000000000000
0000000000000000000000000000000000000000
0000000000000000000000000000000000000000
0000000000000000000000000000000000000000
0000000000000000000000000000000000000000
0000000000000000000000000000000000000000
0000000000000000000000000000000000000000
0000000000000000000000000000000000000000
0000000000000000000000000000000000000000
0000000000000000000000000000000000000000
0000000000000000000000000000000000000000
0000000000000000000000000000000000000000
0000000000000000000000000000000000000000
0000000000000000000000000000000000000000
0000000000000000000000000000000000000000
1000000000000000000000000000000000000000
1000000000000000000000000000000000000000
1000000000000000000000000000000000000000
1000000000000000000000000000000000000000
0000000000000000000000000000000000000000
0000000000000000000000000000000000000000
0000000000000000000000000000000000000000
1000000000000000000000000000000000000000
1000000000000000000000000000000000000000
1000000000000000000000000000000000000000
1000000000000000000000000000000000000000
1000000000000000000000000000000000000000
1000000000000000000000000000000000000000
0000000000000000000000000000000000000000
1000000000000000000000000000000000000000
1000000000000000000000000000000000000000
1000000000000000000000000000000000000000
0000000000000000000000111111000000000000
0000000000000000000000111111000000000000
0000000000001111111111000010000000000000
0000000000001111111111000010000000000000
1000000111110000000000000100000000000000
1000000000000001111111111100000000000000
1110000000000001111111111100000000000000
1010011111111110000000001100000000000000
0010001000000000000000010100000000000000
0000001000000000000000010100000000000000
0000000100000000000000100100000000000000
0000000100000000000000100100000000000000
1000000110000000000001001000000000000000
1000000010000000000001001000000000000000
1000000010000000000001001000000000000000
1000000011000000000010001000000000000000
0000000010100000000100001000000000000000
0000000010100000000100001000000000000000
0000000001010000001000001000000000000000
1000000001010000001000001000000000000000
1000000001001000001000010000000000000000
1000000000101000010000010000000000000000
1000000000101000010000010000000000000000
1000000000100100100000010000000000000000
0000000000010011000000010000000000000000
0000000000010011000000010000000000000000
1000000000010011000000010000000000000000
1000000000010011000000010000000000000000
1000000000010011000000100000000000000000
1000000000001100100000100000000000000000
1000000000001100100000100000000000000000
1000000000001000010000100000000000000000
0000000000000100001000100000000000000000
0000000000000100001000100000000000000000
0000000000000100000100100000000000000000
0000000000000100000100100000000000000000
0000000000000000000101000000000000000000
0000010000000000000011000000000000000000
0000010000000000000011000000000000000000
1000001000000000000001000000000000000000
1000011111000000000000000000000000000000
1000011111000000000000000000000000000000
1000000100111111111100010000000000000000
0000000100111111111100010000000000000000
0000000100000000000011111000000000000000
0000000010000000000000100000000000000000
0000000010000000000000100000000000000000
1000000001000000000000100000000000000000
1000000001000000000000100000000000000000
1000000001000000000000100000000000000000
1000000000100000000001000000000000000000
0000000000100000000001000000000000000000
0000000000100000000001000000000000000000
0000000000010000000001000000000000000000
1000000000010000000001000000000000000000
0000000000001000000010000000000000000000
0000000000001000000010000000000000000000
0000000000001000000010000000000000000000
0000000000000100000100000000000000000000
1000000000000100000100000000000000000000
1000000000000100000100000000000000000000
0000000000000010000100000000000000000000
0000000000000010000100000000000000000000
0000000000000001001000000000000000000000
0000000000000001001000000000000000000000
0000000000000001001000000000000000000000
0000000000000000101000000000000000000000
1000000000000000101000000000000000000000
1000000000000000110000000000000000000000
1000000000000000010000000000000000000000
1000000000000000010000000000000000000000
1000000000000000000000000000000000000000
1000000000000000000000000000000000000000
0000000000000000000000000000000000000000
1000000000000000000000000000000000000000
1000000000000000000000000000000000000000
1000000000000000000000000000000000000000
1000000000000000000000000000000000000000
1000000000000000000000000000000000000000
0000000000000000000000000000000000000000
0000000000000000000000000000000000000000
0000000000000000000000000000000000000000
0000000000000000000000000000000000000000
0000000000000000000000000000000000000000
0000000000000000000000000000000000000000
0000000000000000000000000000000000000000
1000000000000000000000000000000000000000
0000000000000000000000000000000000000000
0000000000000000000000000000000000000000
0000000000000000000000000000000000000000
0000000000000000000000000000000000000000
1000000000000000000000000000000000000000
1000000000000000000000000000000000000000
0000000000000000000000000000000000000000
1000000000000000000000000000000000000000
1000000000000000000000000000000000000000
1000000000000000000000000000000000000000
1000000000000000000000000000000000000000
1000000000000000000000000000000000000000
0000000000000000000000000000000000000000
0000000000000000000000000000000000000000
0000000000000000000000000000000000000000
0000000000000000000000000000000000000000
1000000000000000000000000000000000000000
1000000000000000000000000000000000000000
1000000000000000000000000000000000000000
1000000000000000010000000000000000000000
0000000000000000010000000000000000000000
0000000000000000101100000000000000000000
0000000000000000100011000000000000000000
0000000000000000100011000000000000000000
1000000000000001000000100000000000000000
0000000000000010000000011000000000000000
0000000000000010000000011000000000000000
1000000000000010000000000110000000000000
0000000000000000000000000110000000000000
0000000000000100000000000001100000000000
0000000000001000000000000000010000000000
0000000000001000000000000000010000000000
0000000000001000000000000000010000000000
0000000000000000000000000000100000000000
1000000000010000000000000000100000000000
0000000000100000000000000001000000000000
1000000000100000000000000001000000000000
0000000100100000000000000001000000000000
0000000011000000000000000010000000000000
0000000011000000000000000010000000000000
1000000000100000000000000100000000000000
1000000000011000000000001000000000000000
0000000000011000000000001000000000000000
0000000000000100000000010000000000000000
0000000000000100000000010000000000000000
0000000000000010000000100000000000000000
1000000000000001100000100000000000000000
1000000000000001100000100000000000000000
1000000000000000010001000000000000000000
1000000000000000001110000000000000000000
1000000000000000001110000000000000000000
0000000000000000000010000000000000000000
0000000000000000000010000000000000000000
1000000000000000000000000000000000000000
1000000000000000000000000000000000000000
1000000000000000000000000000000000000000
1000000000000000000000000000000000000000
1000000000000000000000000000000000000000
1000000000000000000000000000000000000000
0000000000000000000000000000000000000000
1000000000000000000000000000000000000000
1000000000000000000000000000000000000000
1000000000000000000000000000000000000000
1000000000000000000000000000000000000000
1000000000000000000000000000000000000000
0000000000000000000000000000000000000000
0000000000000000000000000000000000000000
0000000000000000000000000000000000000000
0000000000000000000000000000000000000000
0000000000000000000000000000000000000000
0000000000000000000000000000000000000000
0000000000000000000000000000000000000000
0000000000000000000000000000000000000000
0000000000000000000000000000000000000000
0000000000000000000000000000000000000000
0000000000000000000000000000000000000000
0000000000000000000000000000000000000000
0000000000000000000000000000000000000000
0000000000000000000000000000000000000000
0000000000000000000000000000000000000000
0000000000000000000000000000000000000000
0000000000000000000000000000000000000000
0000000000000000000000000000000000000000
0000000000000000000000000000000000000000
0000000000000000000000000000000000000000
0000000000000000000000000000000000000000
0000000000000000000000000000000000000000
0000000000000000000000000000000000000000
0000000000000000000000000000000000000000
0000000000000000000000000000000000000000
0000000000000000000000000000000000000000
0000000000000000000000000000000000000000
0000000000000000000000000000000000000000
0000000000000000000000000000000000000000
0000000000000000000000000000000000000000
0000000000000000000000000000000000000000
0000000000000000000000000000000000000000
0000000000000000000000000000000000000000
0000000000000000000000000000000000000000
1111000000000000000000100001000111111111
1000000000000000000000100001100111111111
1000011000000000000001100011000111111111
0011100000000000000011000110000111111111
1011100000000000000011000011000111111111
1011101100000000000011001001000111011111
1110001100000000000011000000000111011101
1100000000000000000111000000000111111001
1000000000000000000111000000000111111101
0000000000000000000011000000000111111100
0000000000000000000001000000000111111000
0000000000000000000000000000000110111000
0000000000000000000100000000001110111000
0000000000000000000100000000001111111000
0000000000000000000100000000011011011111
0000000000000000000000000100011011001100
0000000000000000001010000100011001001100
1000000000000000001010000000011000001000
1000000000000000001111000000111000000001
0000000000000000001101110001111000001110
0000000000000000011100000011111110001000
0000000000000000011111000001111110001000
0000000000000000010011000101011110001000
0000000000000000110000100100011110111110
0000000000000000100000100001011111000000
0000000000000001100000000000011111100000
0000000000010001000000000000011111100000
0000000000010011100000000000001111110010
