0000000001000000000000010000000000000000
0000000001000000000000010000000000000000
0000000001000000000000111000000000000000
0000000001000000000000111000000000000000
0000000001000000000111001000000000000000
0000000001000000000111001000000000000000
0000000000100001111000000000000000000000
0000000000101110000000000000000000000000
1000000000101110000000000000000000000000
0100000000110000000000000000000000000000
0100000000000000000000000000000000000000
0100000000000000000000000000000000000000
0100000000000000000000000000000000000000
1000000000000000000000000000000000000000
0000000000000000000000000000000000000000
0000000000000000000000000000000000000000
1100000000000000000000000000000000000000
0100000000000000000000000000000000000000
0100000000000000000000000000000000000000
0100000000000000000000000000000000000000
0100000000000000000000000000000000000000
0100000000000000000000000000000000000000
0000000000000000000000000000000000000000
0100000000000000000000000000000000000000
1100000000000000000000000000000000000000
0100000000001000000000000000000000000000
0000000000001100000000000000000000000000
0000000000001100000000000000000000000000
0000000000001011000000000000000000000000
1000000000001011000000000000000000000000
0100000000001000100000000000000000000000
0100000000001000010000000000000000000000
0111000000001000010000000000000000000000
1101000000001000001000000000000000000000
1001000000001000000100000000000000000000
0000000000001000000100000000000000000000
0000000000001000000011000000000000000000
1000000000001000000000000000000000000000
1100000000001000000000100000000000000000
0100000000001000000001010000000000000000
0100000000001000000001010000000000000000
0100000000001000000110000000000000000000
1000000000001000001000000000000000000000
0000000000001000001000000000000000000000
0000000000001000010000000000000000000000
1100000000001000010000000000000000000000
0100000000001000100000000000000000000000
0100000000001011000000000000000000000000
0100000000001011000000000000000000000000
0100000000001100000000000000000000000000
0000000000001000000000000000000000000000
0000000000001000000000000000000000000000
1100000000000000000000000000000000000000
1100000000000000000000000000000000000000
0100000000000000000000000000000000000000
0100000000000000000000000000000000000000
0100000000000000000000000000000000000000
0100000000000000000000000000000000000000
0000000000000000000000000000000000000000
0000000000000000000000000000000000000000
0000000000000000000000000000000000000000
0000000000000000000000000000000000000000
0000000000000000000000000000000000000000
0000000000000000000000000000000000000000
0000000000000000000000000000000000000000
1100000000000000000000000000000000000000
0100000000000000000000000000000000000000
0100000000000000000000000000000000000000
0100000000000000000000000000000000000000
1000000000000000000000000000000000000000
0000000000000000000000000000000000000000
0000000000000000000000000000000000000000
1000000000000000000000000000000000000000
1100000000000000000100000000000000000000
0100000000000000000100000000000000000000
0100000000000000000100000000000000000000
0100001000000000111100000000000000000000
1000001000000000111100000000000000000000
0000000110111111000100000000000000000000
0000000111000000000100000000000000000000
1100000111000000000100000000000000000000
0000000000100000000100000000000000000000
0000000000000000000010000000000000000000
0000000000011000000010000000000000000000
1000000000000100000010000000000000000000
1100000000000100000010000000000000000000
0100000000000011000010000000000000000000
0000000000000000100010000000000000000000
0000000000000000100010000000000000000000
0000000000000000010010000000000000000000
0000000000000000001110000000000000000000
0000000000000000001110000000000000000000
0000000000000000000010000000000000000000
1100000000000000000000000000000000000000
0100000000000000000000000000000000000000
0100000000000000000000000000000000000000
0100000000000000000000000000000000000000
0100000000000000000000000000000000000000
0100000000000000000000000000000000000000
0000000000000000000000000000000000000000
1100000000000000000000000000000000000000
0100000000000000000000000000000000000000
0100000000000000000000000000000000000000
0100000000000000000000000000000000000000
0100000000000000000000000000000000000000
0000000000000000000000000000000000000000
0000000000000000000000000000000000000000
0000000000000000000000000000000000000000
0000000000000000000000000000000000000000
0000000000000000000000000000000000000000
0000000000000000000000000000000000000000
0000000000000000000000000000000000000000
1100000000000000000000000000000000000000
0000000000000000000000000000000000000000
0000000000000000000000000000000000000000
0000000000000000000000000000000000000000
1000000000000000000000000000000000000000
1100000000000000000000000000000000000000
0100000000000000000000000000000000000000
0000000000000000000000000000000000000000
1100000000000000000000000000000000000000
0100000000000000000000000000000000000000
0100000000000000000000000000000000000000
0100000000000000000000000000000000000000
0100000000000000000000000000000000000000
0000000000000000000000000000000000000000
0000000000000000000000000000000000000000
0000000000000000000000000000000000000000
1000000000000000000000000000000000000000
0100000000000000000000000000000000000000
0100000000000000000000000000000000000000
0100000000000000000000000000000000000000
0100000000000000000000000000000000000000
0000000000000000000000000000000000000000
0000000000000000000000000000000000000000
0000000000000000000000000000000000000000
0000000000000000000000000000000000000000
1100000000000000000000000000000000000000
0000000000000000000000000000000000000000
0000000000000000000000000000000000000000
0100000000000000000000000000000000000000
1000000000000000000000000000000000000000
0000000000000000000000000000000000000000
0011000000000000000000000000000000000000
0011000000000000000000000000000000000000
0010111000000000000000000000000000000000
1010000110000000000000000000000000000000
0110000110000000000000000000000000000000
0001000001110000000000000000000000000000
1101000001110000000000000000000000000000
0001000000001110000000000000000000000000
0001000000000001110000000000000000000000
0001000000000001110000000000000000000000
1101000000000000001110000000000000000000
1100100000000000000001100000000000000000
0000100000000000000001100000000000000000
0000100000000000000000011100000000000000
0000100000000000000000011100000000000000
1000100000000000000000000011000000000000
0100100000000000000000000010000000000000
0100100000000000000000000010000000000000
0100010000000000000000001100000000000000
0100010000000000000000000000000000000000
1100010000000000000000010000000000000000
0000010000000000000001100000000000000000
0000010000000000000001100000000000000000
1100010000000000000010000000000000000000
0100001000000000001100000000000000000000
0100001000000000001100000000000000000000
0100001000000000010000000000000000000000
0100001000000000000000000000000000000000
0100001000000000100000000000000000000000
0000001000000011000000000000000000000000
1100001000000011000000000000000000000000
0100000100000100000000000000000000000000
0100000100011000000000000000000000000000
0100000100011000000000000000000000000000
0100000100100000000000000000000000000000
0000000011000000000000000000000000000000
0000000011000000000000000000000000000000
0000000100000000000000000000000000000000
0000000100000000000000000000000000000000
0000000000000000000000000000000000000000
0000000000000000000000000000000000000000
0000000000000000000000000000000000000000
0000000000000000000000000000000000000000
0000000000000000000000000000000000000000
0000000000000000000000000000000000000000
0000000000000000000000000000000000000000
0000000000000000000000000000000000000000
0000000000000000000000000000000000000000
0000000000000000000000000000000000000000
0000000000000000000000000000000000000000
0000000000000000000000000000000000000000
0000000000000000000000000000000000000000
0000000000000000000000000000000000000000
0000000000000000000000000000000000000000
0000000000000000000000000000000000000000
0000000000000000000000000000000000000000
0000000000000000000000000000000000000000
0000000000000000000000000000000000000000
0000000000000000000000000000000000000000
0000000000000000000000000000000000000000
0000000000000000000000000000000000000000
0000000000000000000000000000000000000000
0000000000000000000000000000000000000000
0000000000000000000000000000000000000000
0000000000000000000000000000000000000000
0000000000000000000000000000000000000000
0000000000000000000000000000000000000000
0000000000000000000000000000000000000000
0000000000000000000000000000000000000000
0010111111111111111111111111111111111111
1101111111111111111111111111111111111111
1101111111111111111111111111111111111111
1111111111111111111111111111111111111111
1111111111111111111111111111111111111111
1111111111111111111111111111111111111111
1111111111111111111111111111111111111111
1111111111111111111111111111111111111111
1111110111110111111111111111111111111111
1111110111111111111111111111111111111111
1111110111110111111111111111111111111111
1111111111110111111111111111111111111111
1111111111110011111111111111111111111111
1111111111111111111111111111111111111111
1111111111111111111111111111111111111111
1111111111111111111111111111111111111111
1111101111111111111111111111111111111111
1111111111111111111111111111111111111111
1111111111111111111111111111111111111111
1111111111111111111111111111111111111111
1111111111111111111111111111111111111111
1111111111111111111111111111111111111111
1111111111111110111111111111111111111111
1111111111111100111111111111111111111111
1111111111111100001111111111111111111111
1111111111111000000111111111111111111111
1111111111110000000111111111111111111111
1111111111100000000111111111111111111111
1111111111100000000011111111111111111111
1111111110000000000011111111111111111111
1111111110000000000011111111111111111111
1111111110000000000011111111111111111111
1111111100000000000011111111111111111111
1001111000000000000011111111111111111111
1001111000000000000111111111111111111111
0000000000000000000111111111111111111111
0000000000000000000111111111111111111111
0000000000000000001111111111111111111111
0100110000000000001001111111111111111111
0010100000000000001000111111111111111111
0000000000000000000000111111111111111111
0000000000000000000000111111111111111111
0000000000000000000000111111111111111111
0000000000000000000000111111111111111111
0000000000000000000000011111111111111111
0000000000000000000000111111111111111111
0000000000000000000000111111111111111111
0000000000000000000000101111111111111111
0000000000000000000001101111111111111100
0000000000000000000001111111111111111100
0000000100000000000001111111111111111100
0000010000000000000000011111111111111111
0000000000000000000000001111111111111011
0000001000000000000000001111111111110000
0000000000000000000000001111111111111000
0000000000000000000000001111111111110001
0000000000000000000000001111111111110000
0000000000000000000000001111111111110000
