0000000000000000000000000000000000000000
0000000000000000000000000000000000000000
0000000000000000000000000000000000000000
0000000000000000000000000000000000000000
0000000000000000000000000000000000000000
0000000000000000000000000000000000000000
0000000000000000000000000000000000000000
0000000000000000000000000000000000000000
0000000000000000000000000000000000000000
0000000000000000000000000000000000000000
0000000000000000000000000000000000000000
0000000000000000000000000000000000000000
0000000000000000000000000000000000000000
0000000000000000000000000000000000000000
0000000000000000000000000000000000000000
0000000000000000000000000000000000000000
0000000000000000000000000000000000000000
0000000000000000000000000000000000000000
0000000000000000000000000000000000000000
0000000000000000000000000000000000000000
0000000000000000000000000000000000000000
0000000000000000000000000000000000000000
0000000000000000000000000000000000000000
0000000000000000000000000000000000000000
0000000000000000000000000000000000000000
0000000000000000000000000000000000000000
0000000000000000000000000000000000000000
0000000000000000000000000000000000000000
0000000000000000000000000000000000000000
0000000000000000000000000000000000000000
0000000000000000000000000000000000000000
0000000000000000000000000000000000000000
0000000000000000000000000000000000000000
0000000000000000000000000000000000000000
0000000000000000000000000000000000000000
0000000000000000000000000000000000000000
0000000000000000000000000000000000000000
0000000000000000000000000000000000000000
0000000000000000000000000000000000000000
0000000000000000000000000000000000000000
0000000000000000000000000000000000000000
0000000000000000000000000000000000000000
0000000000000000000000000000000000000000
0000000000000000000000000000000000000000
0000000000000000000000000000000000000000
0000000000000000000000000000000000000000
0000000000000000000000000000000000000000
0000000000000000000000000000000000000000
0000000000000000000000000000000000000000
0000000000000000000000000000000000000000
0000000000000000000000000000000000000000
0000000000000000000000000000000000000000
0000011100000000000000000000000000000000
0000011100000000000000000000000000000000
0000010011000000000000000000000000000000
0000000011000000000000000000000000000000
0000100000111000000000000000000000000000
0000100000000111000000000000000000000000
1100100000000111000000000000000000000000
0100100000000000110000000000000000000000
0101000000000000001110000000000000000000
0001000000000000001110000000000000000000
0001000000000000000001100000000000000000
0001000000000000000001100000000000000000
0001000000000000000000100000000000000000
0010000000000000000001000000000000000000
0010000000000000000001000000000000000000
0010000000000000000001000000000000000000
0010000000000000000010000000000000000000
0010000000000000000010000000000000000000
0010000000000000000010000000000000000000
0010000000000000000010000000000000000000
0100000000000000000100000000000000000000
0100000000000000000100000000000000000000
0100000000000000000100000000000000000000
0100000000000000001000000000000000000000
1000000000000000001000000000000000000000
1000000000000000001000000000000000000000
1100000000000000010000000000000000000000
1100000000000000010000000000000000000000
0011100000000000010000000000000000000000
0000011100000000100000000000000000000000
0000011100000000100000000000000000000000
0000000011110000100000000000000000000000
0000000000001111000000000000000000000000
0000000000001111000000000000000000000000
0000000000000001100000000000000000000000
0000000000000001000000000000000000000000
0000000000000000000000000000000000000000
0000000000000000000000000000000000000000
0000000000000000000000000000000000000000
0000000000000000000000000000000000000000
0000000000000000000000000000000000000000
0000000000000000000000000000000000000000
0000000000000000000000000000000000000000
0000000000000000000000000000000000000000
0000000000000000000000000000000000000000
0000000000000000000000000000000000000000
0000000000000000000000000000000000000000
0000000000000000000000000000000000000000
0000000000000000000000000000000000000000
0000000000000000000000000000000000000000
0000000000000000000000000000000000000000
0000000000000000000000000000000000000000
0000000000000000000000000000000000000000
0000011000000000000000000000000000000000
0000011000000000000000000000000000000000
0000010111100000000000000000000000000000
0000001000011110000000000000000000000000
0000001000011110000000000000000000000000
0000001000000001111000000000000000000000
0000001000000001100000000000000000000000
0000000100000000000111100000000000000000
0000000100000000000000011110000000000000
0000000100000000000000011110000000000000
0000000010000000000000000001100000000000
0000000010000000000000000011000000000000
0000000010000000000000000011000000000000
0000000001000000000000001100000000000000
0000000001000000000000001100000000000000
0000000001000000000000010000000000000000
0000000000100000000001100000000000000000
0000000000100000000001100000000000000000
0000000000100000000010000000000000000000
0000000000010000001100000000000000000000
0000000000010000001100000000000000000000
0000000000010000110000000000000000000000
0000000000010000110000000000000000000000
0000000000001001000000000000000000000000
0000000000001110000000000000000000000000
0000000000001110000000000000000000000000
0000000000001100000000000000000000000000
0000000000000100000000000000000000000000
0000000000000100000000000000000000000000
0000000000000000000000000000000000000000
0000000000000000000000000000000000000000
0000000000000000000000000000000000000000
0000000000000000000000000000000000000000
0000000000000000000000000000000000000000
0000000000000000000000000000000000000000
0000000000000000000000000000000000000000
0000000000000000000000000000000000000000
0000000000000000000000000000000000000000
0000000000000000000000000000000000000000
0000000000000000000000000000000000000000
0000000000100000000000000000000000000000
0000000000100000000000000000000000000000
0000000000010000000000000000000000000000
0000000000101000000000000000000000000000
0000000000101000000000000000000000000000
0000000000100110000000000000000000000000
0000000000100110000000000000000000000000
0000000001000001000000000000000000000000
0000000001000000100000000000000000000000
0000000001000000100000000000000000000000
0000000010000000010000000000000000000000
0000000010000000001000000000000000000000
0000000010000000001000000000000000000000
0000000100000000000110000000000000000000
0000000100000000000110000000000000000000
0000000100000000000001000000000000000000
0000001000000000000000100000000000000000
0000001000000000000000100000000000000000
0000010000000000000000010000000000000000
0000010000000000000000001000000000000000
0000010000000000000000001000000000000000
0000100000000000000000000110000000000000
0000100000000000000000000110000000000000
0000100000000000000000000001000000000000
0001000000000000000000000011100000000000
0001000000000000000000000011100000000000
0001000000000000000011111100000000000000
0010000000000011111100000000000000000000
0010000000000011111100000000000000000000
0010000001111100000000000000000000000000
0010000001111100000000000000000000000000
0101111110000000000000000000000000000000
1110000000000000000000000000000000000000
1110000000000000000000000000000000000000
1000000000000000000000000000000000000000
0000000000000000000000000000000000000000
0000000000000000000000000000000000000000
0000000000000000000000000000000000000000
0000000000000000000000000000000000000000
0000000000000000000000000000000000000000
0000000000000000000000000000000000000000
0000000000000000000000000000000000000000
0000000000000000000000000000000000000000
0000000000000000000000000000000000000000
0000000000000000000000000000000000000000
0000000000000000000000000000000000000000
0000000000000000000000000000000000000000
0000000000000000000000000000000000000000
0000000000000000000000000000000000000000
0000000000000000000000000000000000000000
0000000000000000000000000000000000000000
0000000000000000000000000000000000000000
0000000000000000000000000000000000000000
0000000000000000000000000000000000000000
0000000000000000000000000000000000000000
0000000000000000000000000000000000000000
0000000000000000000000000000000000000000
0000000000000000000000000000000000000000
0000000000000000000000000000000000000000
0000000000000000000000000000000000000000
0000000000000000000000000000000000000000
0000000000000000000000000000000000000000
0000000000000000000000000000000000000000
0000000000000000000000000000000000000000
0000000000000000000000000000000000000000
0000000000000000000000000000000000000000
0000000000000000000000000000000000000000
0000000000000000000000000000000000000000
0000000000000000000000000000000000000000
0000000000000000000000000000000000000000
0000000000000000000000000000000000000000
0000000000000000000000000000000000000000
0000000000000000000000000000000000000000
0000000000000000000000000000000000000000
0000000000000000000000000000000000000000
0000000000000000000000000000000000000000
0000000000000000000000000000000000000000
0000000000000000000000000000000000000000
0000000000000000000000000000000000000000
0000000000000000000000000000000000000000
0000000000000000000000000000000000000000
0000000000000000000000000000000000000000
0000000000000000000000000000000000000000
0000000000000000000000000000000000000000
0000000000000000000000000000000000000000
0000000000000000000000000000000000000000
0000000000000000000000000000000000000000
0000000000000000000000000000000000000000
0000000000000000000000000000000000000000
0000000000000000000000000000000000000000
0000000000000000000000000000000000000000
0000000000000000000000000000000000000000
0000000000000000000000000000000000000000
1011011110000000000000000000001111111100
1110001100000000000000000000001111111100
1110000000000000000000000000001111111101
1110000000000000000000000000001111111111
1110000000000000000001000010001111111111
0000000000000000000001000011001111111111
0000110000000000000011000110001111111111
0111000000000000000110001100001111111110
0111000000000000000110000110001111111110
0111011000000000000110010010001110111111
1100011000000000000110000000001110111011
1000000000000000001110000000001111110011
0000000000000000001110000000001111111010
0000000000000000000110000000001111111000
0000000000000000000010000000001111110001
0000000000000000000000000000001101110000
0000000000000000001000000000011101110000
0000000000000000001000000000011111110000
0000000000000000001000000000110110111110
0000000000000000000000001000110110011000
0000000000000000010100001000110010011000
0000000000000000010100000000110000010000
0000000000000000011110000001110000000010
0000000000000000011011100011110000011101
0000000000000000111000000111111100010000
0000000000000000111110000011111100010000
0000000000000000100110001010111100010001
0000000000000001100001001000111101111101
0000000000000001000001000010111110000000
0000000000000011000000000000111111000000
0000000000100010000000000000111111000001
0000000000100111000000000000011111100100
