0000000000101100000000000000000000000000
0000000001000011000000000000000000000000
0000000001000000110000000000000000000000
0000000001000000110000000000000000000000
0000000010000000001000000000000000000000
0000000010000000000110000000000000000000
0000000010000000000110000000000000000000
0000000010000000000001100000000000000000
0000000010000000000001100000000000000000
0000000100000000000000011000000000000000
0000000100000000000111101110000000000000
0000000100000000000111101110000000000000
1000000100000000111000010011000000000000
1000001000000111000000011100000000000000
1000001000000111000000011100000000000000
1000001001111000000000110000000000000000
0000001001111000000000110000000000000000
0000001110000000000011100000000000000000
0000010101000000001100100000000000000000
1000010101000000001100100000000000000000
1000010100100000110001000000000000000000
1000100010010011000001000000000000000000
1000100010010011000001000000000000000000
1000100101001100000010000000000000000000
1000100101001100000010000000000000000000
0000100101110100000010000000000000000000
1001001011100010000010000000000000000000
1001001011100010000010000000000000000000
1001001100100001000100000000000000000000
0000110000000000100100000000000000000000
0000110000010000100100000000000000000000
0000010000001000011000000000000000000000
0000010000001000011000000000000000000000
1000100000001000001100000000000000000000
1000100000000100001010000000000000000000
1110100000000100001010000000000000000000
1011000000000010010001000000000000000000
0011000000000010010000100000000000000000
0001000000000010010000100000000000000000
0010000000000001100000010000000000000000
0010000000000001100000010000000000000000
1010000000000001100000001000000000000000
1100000000000000100000000100000000000000
1100000000000000100000000100000000000000
1000000000000000000000001110000000000000
0000000000000000000111110000000000000000
0000000000000000000111110000000000000000
0000000000000011111000000000000000000000
1000000000000011111000000000000000000000
1000000001111100000000000000000000000000
1000111110000000000000000000000000000000
1000111110000000000000000000000000000000
1111000000000000000000000000000000000000
0000000000000000000000000000000000000000
0000000000000000000000000000000000000000
1000000000000000000000000000000000000000
1000000000000000000000000000000000000000
1000000000000000000000000000000000000000
1000000000000000000000000000000000000000
1000000000000000000000000000000000000000
1000000000000000000000000000000000000000
0000000000000000000000000000000000000000
0000000000000000000000000000000000000000
0000000000000000000000000000000000000000
0000000000000000000000000000000000000000
0000000000000000000000000000000000000000
0000000000000000000000000000000000000000
0000000000000000000000000000000000000000
1000000000000000000000000000000000000000
1000000000000000000000000000000000000000
1000000000000000000000000000000000000000
1000000000000000000000000000000000000000
0000000000000000000000000000000000000000
0000000000000000000000000000000000000000
0000000000000000000000000000000000000000
0000000000000000000000000000000000000000
1000000000000000000000000000000000000000
1000000000000000000000000000000000000000
1000000000000000000000000000000000000000
1000000000000000000000000000000000000000
0000000000000000000000000000000000000000
0000000000000000000000000000000000000000
0000000000000000000000000000000000000000
1000000000000000000000000000000000000000
0000000000000000000000000000000000000000
0000000000000000000000000000000000000000
0000000000000000000000000000000000000000
0000000000000000000000000000000000000000
1000000000000000000000000000000000000000
1000000000000000000000000000000000000000
0000000000000000000000000000000000000000
0000000000000000000000000000000000000000
0000000000000000000000000000000000000000
0000000000000000000000000000000000000000
0000000000000000000000000000000000000000
0000000000000000000000000000000000000000
1000000000000000000000000000000000000000
1000000000000000000000000000000000000000
1000000000000000000000000000000000000000
1000000000000000000000000000000000000000
1000000000000000000000000000000000000000
1000000000000000000000000000000000000000
0000000000000000000000000000000000000000
1000000000000000000000000000000000000000
1000000000000000000000000000000000000000
1000000000000000000000000000000000000000
1000000000100000000000000000000000000000
1000000000100000000000000000000000000000
0000000001110000000000000000000000000000
0000000001001111000000000000000000000000
0000000001001111000000000000000000000000
0000000001000000111100010000000000000000
0000000001000000111100010000000000000000
0000000001000000000011110000000000000000
0000000001000000000000100000000000000000
1000000001000000000000100000000000000000
0000000010000000000000100000000000000000
0000000010000000000000100000000000000000
0000000010000000000000100000000000000000
0000000010000000000001000000000000000000
1000000010000000000001000000000000000000
1000000010000000000001000000000000000000
0000000100000000000001000000000000000000
1000000100000000000001000000000000000000
1000000100000000000001000000000000000000
1000000100000000000010000000000000000000
1000000100000000000010000000000000000000
1000000100000000000010000000000000000000
0000000100000000000010000000000000000000
0000001000000000000010000000000000000000
0000001000000000000100000000000000000000
0000001000000000000100000000000000000000
1000001111000000000100000000000000000000
1000000000111111110000000000000000000000
1000000000111111110000000000000000000000
1000000000000000001111000000000000000000
0000000000000000001111000000000000000000
0000000000000000000000000000000000000000
0000000000000000000000000000000000000000
0000000000000000000000000000000000000000
1000000000000000000000000000000000000000
0000000000000000000000000000000000000000
0000000000000000000000000000000000000000
1000000000000000000000000000000000000000
0000000000000000000000000000000000000000
0000000000000000000000000000000000000000
0000000000000000000000000000000000000000
0000000000000000000000000000000000000000
0000000000000000000000000000000000000000
0000000000000000000000000000000000000000
1000000000000000000000000000000000000000
0000000000000000000000000000000000000000
1000000000000000000000000000000000000000
0000000000000000000000000000000000000000
0000000000000000000000000000000000000000
0000000000000000000000000000000000000000
1000000000000000000000000000000000000000
1000000000000000000000000000000000000000
0000000000000000000000000000000000000000
0000000000000000000000000000000000000000
0000000000000000000000000000000000000000
0000100000000000000000000000000000000000
1000110000000000000000000000000000000000
1000110000000000000000000000000000000000
1000101000000000000000000000000000000000
1000100100000000000000000000000000000000
1000100100000000000000000000000000000000
0001000010000000000000000000000000000000
0001000011000000000000000000000000000000
1001000001000000000000000000000000000000
1001000000100000000000000000000000000000
1001000000100000000000000000000000000000
1001000000010000000000000000000000000000
1001000000001000000000000000000000000000
1001000000001000000000000000000000000000
0001000000000100000000000000000000000000
1001000000000100000000000000000000000000
1001000000000100000000000000000000000000
1010000000000010000000000000000000000000
1010000000000010000000000000000000000000
1010000000000001000000000000000000000000
0010000000000000100000000000000000000000
0010000000000000100000000000000000000000
0010000000000000010000000000000000000000
0010000000000000010000000000000000000000
0010000000000000001000000000000000000000
0010000000000000000100000000000000000000
0010000000000000000100000000000000000000
0010000000000000000010000000000000000000
0010000000000000000001000000000000000000
0010000000000000000001000000000000000000
0100000000000000000000000000000000000000
0100000000000000000000000000000000000000
0100000000000000000011110000000000000000
0100000000000111111100000000000000000000
0100000000000111111100000000000000000000
0100001111111000000000000000000000000000
0011110000000000000000000000000000000000
0011110000000000000000000000000000000000
0000000000000000000000000000000000000000
0000000000000000000000000000000000000000
0000000000000000000000000000000000000000
0000000000000000000000000000000000000000
0000000000000000000000000000000000000000
0000000000000000000000000000000000000000
0000000000000000000000000000000000000000
0000000000000000000000000000000000000000
0000000000000000000000000000000000000000
0000000000000000000000000000000000000000
0000000000000000000000000000000000000000
0000000000000000000000000000000000000000
0000000000000000000000000000000000000000
0000000000000000000000000000000000000000
0000000000000000000000000000000000000000
0000000000000000000000000000000000000000
1111111011111111111111111111111111000001
1111111011111111111111111111111111000011
1111111111111111111111111111111111100011
1111111111111111111111111111111111111111
1111111111111111111111111111111111111011
1111111111111111111111111111111111100111
1111111111111111111111111111111110000111
1111111111111111111111111111111110010001
1111111111111111111111111111111000010000
1111111111111111111111111111100000000000
1111111111111111111111111111100001100000
1111111111111111111111111000000001110000
1111111111111111111111110000000001000000
1111111111111111111111110000000011000010
1111111111111111111111100000000011000110
1111111111111111111100000000000011001111
1111111111111111111000000000000110001111
1111111111111111000000000000000110001110
1111111111110000000000000000000110001111
1111111111100000000000000000001111111111
1011111111100000000000000000001111111111
0011111111100000000000000000000111111111
0111111111100000000000000000000111111111
0101101111000000000000000000000111111110
1111000110000000000000000000000111111110
1111000000000000000000000000000111111110
1111000000000000000000000000000111111111
1111000000000000000000100001000111111111
1000000000000000000000100001100111111111
1000011000000000000001100011000111111111
0011100000000000000011000110000111111111
1011100000000000000011000011000111111111
1011101100000000000011001001000111011111
1110001100000000000011000000000111011101
1100000000000000000111000000000111111001
1000000000000000000111000000000111111101
0000000000000000000011000000000111111100
0000000000000000000001000000000111111000
0000000000000000000000000000000110111000
0000000000000000000100000000001110111000
0000000000000000000100000000001111111000
0000000000000000000100000000011011011111
0000000000000000000000000100011011001100
0000000000000000001010000100011001001100
1000000000000000001010000000011000001000
1000000000000000001111000000111000000001
0000000000000000001101110001111000001110
0000000000000000011100000011111110001000
0000000000000000011111000001111110001000
0000000000000000010011000101011110001000
0000000000000000110000100100011110111110
0000000000000000100000100001011111000000
0000000000000001100000000000011111100000
0000000000010001000000000000011111100000
0000000000010011100000000000001111110010
