0000000000000000000000000000000000000000
0000000000000000000000000000000000000000
0000000000000000000000000000000000000000
0000000000000000000000000000000000000000
0000000000000000000000000000000000000000
0000000000000000000000000000000000000000
0000000000000000000000000000000000000000
0000000000000000000000000000000000000000
0000000000000000000000000000000000000000
0000000000000000000000000000000000000000
0000000000000000000000000000000000000000
0000000000000000000000000000000000000000
0000000000000000000000000000000000000000
0000000000000000000000000000000000000000
0000000000000000000000000000000000000000
0000000000000000000000000000000000000000
0000000000000000000000000000000000000000
0000000000000000001000000000000000000000
0000000000000000011000000000000000000000
0000000000000000011000000000000000000000
0000000000000000100100000000000000000000
0000000000000000100000000000000000000000
0000000000000000100011000000000000000000
0000000000000001000000100000000000000000
0000000000000001000000100000000000000000
0000000000000010000000010000000000000000
0000000000000100000000001000000000000000
0000000000000100000000001000000000000000
0000000000000100000000000100000000000000
0000000000000100000000000100000000000000
0000000000001000000000000011000000000000
0000000000010000000000000000100000000000
0000000000010000000000000000100000000000
0000000000100000000000000000010000000000
0000000000100000000000000000010000000000
0000000000100000000000000000010000000000
0000000001000000000000000000100000000000
0000000001000000000000000000100000000000
0000000010000000000000000000100000000000
0000000000000000000000000001000000000000
1100000000000000000000000001000000000000
0100001000000000000000000010000000000000
0100000110000000000000000010000000000000
0000000110000000000000000010000000000000
0000000001100000000000000100000000000000
0000000001100000000000000100000000000000
0000000000011000000000001000000000000000
0000000000000110000000001000000000000000
0000000000000110000000001000000000000000
0000000000000001100000010000000000000000
0000000000000000011000100000000000000000
0000000000000000011000100000000000000000
0000000000000000000110100000000000000000
0000000000000000000110100000000000000000
0000000000000000000001000000000000000000
0000000000000001000001100000000000000000
0000000000000001000001100000000000000000
0000000000000010100110100000000000000000
0000000000000010111000100000000000000000
0000000000000010111000100000000000000000
0000000000000111010000100000000000000000
0000000000000111010000100000000000000000
0000000000011100010000010000000000000000
0000000011101000010000010000000000000000
0000000011101000010000010000000000000000
1000011100001000010000010000000000000000
0111100000010000001000010000000000000000
0111100000010000001000010000000000000000
0111100000010000001000010000000000000000
0100100000010000001000010000000000000000
0000010000100000001000010000000000000000
0000001100100000001000010000000000000000
0000001100100000001000010000000000000000
0000000011000000000100001000000000000000
0000000001000000000100001000000000000000
0000000001100000000100001000000000000000
0000000010011000000100001000000000000000
0000000010011000000100001000000000000000
0000000010000110000100001000000000000000
0000000100000001000111001000000000000000
0000000100000001000111001000000000000000
0000000100000011111010001000000000000000
0000000001111000001110001000000000000000
0000001001111100001110001000000000000000
0000001110000000000010000100000000000000
0000001110000000000010000100000000000000
0000000000000000000001100100000000000000
0000000000000000000000011100000000000000
0000000000000000000000011100000000000000
0000000000000000000000000100000000000000
0000000000000000000000000000000000000000
0000000000000000000000000000000000000000
0000000000000000000000000000000000000000
0000000000000000000000000000000000000000
0000000000000000000000000000000000000000
0000000000000000000000000000000000000000
0000000000000000000000000000000000000000
0000000000000000000000000000000000000000
0000000000000000000000000000000000000000
0000000000000000000000000000000000000000
0000000000000000000000000000000000000000
0000000000000000000000000000000000000000
0000000000000000000000000000000000000000
0000000000000000000000000000000000000000
0000000000000000000000000000000000000000
0000000000000000000000000000000000000000
0000000000000000000000000000000000000000
0000000000000000000000000000000000000000
0000000000000000000000000000000000000000
0000000000000000000000000000000000000000
0000000000000000000000000000000000000000
0000000000000000000000000000000000000000
0000000000000000000000000000000000000000
0000000000000000000000000000000000000000
0000000000000000000000000000000000000000
0000000000000000000000000000000000000000
0000000000000000000000000000000000000000
0000000000000000000000000000000000000000
0000000000000000100000000000000000000000
0000000000000001100000000000000000000000
0000000000000001100000000000000000000000
0000000000000110100000000000000000000000
0000000000111000100000000000000000000000
0000000000111000100000000000000000000000
0000000111000000100000000000000000000000
0000000111000000100000000000000000000000
0000011000000000100000000000000000000000
0001100000000000100000000000000000000000
0001100000000000100000000000000000000000
0000110000000001000000000000000000000000
0000001100000001000000000000000000000000
0000001100000001000000000000000000000000
0000000010000001000000000000000000000000
0000000010100001000000000000000000000000
0000000001100001000000000000000000000000
0000000000011001000000000000000000000000
0000000000011001000000000000000000000000
0000000000000101000000000000000000000000
0000000000000001000000000000000000000000
0000000000000001000000000000000000000000
0000000000000001000000000000000000000000
0000000000000001000000000000000000000000
0000000000000000000000000000000000000000
0000000000000000000000000000000000000000
0000000000000000000000000000000000000000
0000000000000000000000000000000000000000
0000000000000000000000000000000000000000
0000000000000000000000000000000000000000
0000000000000000000000000000000000000000
0000000000000000000000000000000000000000
0000000000000000000000000000000000000000
0000000000000000000000000000000000000000
0000000000000000000000000000000000000000
0000000000000000000000000000000000000000
0000000000000000000000000000000000000000
0000000000000000000000000000000000000000
0000000000000000000000000000000000000000
0000000000000000000000000000000000000000
0000000000000000000000000000000000000000
0000000000000000000000000000000000000000
0000000000000000000000000000000000000000
0000000000000000000000000000000000000000
0000000000000000000000000000000000000000
0000000000000000000000000000000000000000
0000000000000000000000000000000000000000
0000000000000000000000000000000000000000
0000000000000000000000000000000000000000
0000000000000000000000000000000000000000
0000000000000000000000000000000000000000
0000000000000000000000000000000000000000
0000000000000000000000000000000000000000
0000000000000000000000000000000000000000
0000000000000000000000000000000000000000
0000000000000000000000000000000000000000
0000000000000000000000000000000000000000
0000000000000000000000000000000000000000
0000000000000000000000000000000000000000
0000000000000000000000000000000000000000
0000000000000000000000000000000000000000
0000000000000000000000000000000000000000
0000000000000000000000000000000000000000
0000000000000000000000000000000000000000
0000000000000000000000000000000000000000
0000000000000000000000000000000000000000
0000000000000000000000000000000000000000
0000000000000000000000000000000000000000
0000000000000000000000000000000000000000
0000000000000000000000000000000000000000
0000000000000000000000000000000000000000
0000000000000000000000000000000000000000
0000000000000000000000000000000000000000
0000000000000000000000000000000000000000
0000000000000000000000000000000000000000
0000000000000000000000000000000000000000
0000000000000000000000000000000000000000
0000000000000000000000000000000000000000
0000000000000000000000000000000000000000
0000000000000000000000000000000000000000
0000000000000000000000000000000000000000
0000000000000000000000000000000000000000
0000000000000000000000000000000000000000
0000000000000000000000000000000000000000
0000000000000000000000000000000000000000
0000000000000000000000000000000000000000
0000000000000000000000000000000000000000
0000000000000000000000000000000000000000
0000000000000000000000000000000000000000
0000000000000000000000000000000000000000
0000000000000000000000000000000000000000
0000000000000000000000000000000000000000
0000000000000000000000000000000000000000
0000000000000000000000000000000000000000
0000000000000000000000000000000000000000
0000000000000000000000000000000000000000
0000000000000000000000000000000000000000
0000000000000000000000000000000000000000
0000000000000000000000000000000000000000
0000000000000000000000000000000000000000
0000000000000000000000000000000000000000
0000000000000000000000000000000000000000
1111111111111111111111111111111111001111
1111111111111111111111111111111100001111
1111111111111111111111111111111100100011
1111111111111111111111111111110000100001
1111111111111111111111111111000000000000
1111111111111111111111111111000011000000
1111111111111111111111110000000011100000
1111111111111111111111100000000010000000
1111111111111111111111100000000110000100
1111111111111111111111000000000110001100
1111111111111111111000000000000110011110
1111111111111111110000000000001100011110
1111111111111110000000000000001100011101
1111111111100000000000000000001100011111
1111111111000000000000000000011111111111
0111111111000000000000000000011111111111
0111111111000000000000000000001111111111
1111111111000000000000000000001111111111
1011011110000000000000000000001111111100
1110001100000000000000000000001111111100
1110000000000000000000000000001111111101
1110000000000000000000000000001111111111
1110000000000000000001000010001111111111
0000000000000000000001000011001111111111
0000110000000000000011000110001111111111
0111000000000000000110001100001111111110
0111000000000000000110000110001111111110
0111011000000000000110010010001110111111
1100011000000000000110000000001110111011
1000000000000000001110000000001111110011
0000000000000000001110000000001111111010
0000000000000000000110000000001111111000
0000000000000000000010000000001111110001
0000000000000000000000000000001101110000
0000000000000000001000000000011101110000
0000000000000000001000000000011111110000
0000000000000000001000000000110110111110
0000000000000000000000001000110110011000
0000000000000000010100001000110010011000
0000000000000000010100000000110000010000
0000000000000000011110000001110000000010
0000000000000000011011100011110000011101
0000000000000000111000000111111100010000
0000000000000000111110000011111100010000
0000000000000000100110001010111100010001
0000000000000001100001001000111101111101
0000000000000001000001000010111110000000
0000000000000011000000000000111111000000
0000000000100010000000000000111111000001
0000000000100111000000000000011111100100
