0000000000000111011111111111111111111111
0000000000000011111111111111111111111111
0000000000000011111111111111111111111111
0000000000000011111111111111111111111111
0000000000000011111111111111111111111111
0000000000000111111111111111111111111111
0000000000000111111111111111111111111111
0000000000000111111111111111111111111111
0000000000000111111111111111111111111111
0000000000000111111111111111111111100111
0000000000001111111111111111111110000111
0000000000001111111011111111100000001111
0000000000011111111111111110000000001111
0000000000000000000000000000000000000000
0000000000000000000000000000000000000000
0000000000000000000000000000000000000000
0000000000000000000000000000000000000000
0000000000000000000000000000000000000000
0000000000000000000000000000000000000000
0000000000000000000000000000000000000000
0000000000000000000000000000000000000000
0000000000000000000000000000000000000000
0000000000000000000000000000000000000000
0000000000000000000000000000000000000000
0000000000000000000000000000000000000000
0000000000000000000000000000000000000000
0000000000000000000000000000000000000000
0000000000000000000000000000000000000000
0000000000000000000000000000000000000000
0000000000000000000000000000000000000000
0000000000000000000000000000000000000000
0000000000000000000111100000000000000000
0000010000000111111001000000000000000000
0000010000000111111001000000000000000000
0000010111111000000001000000000000000000
0001111000000000000010000000000000000000
0001111000000000000010000000000000000000
0000001000000000000010000000000000000000
0000001000000000000010000000000000000000
0000001000000000000100000000000000000000
0000001000000000001000000000000000000000
0000001000000000001000000000000000000000
0000000100000000001000000000000000000000
0000000100000000010000000000000000000000
0000000100000000010000000000000000000000
0000000100000000010000000000000000000000
0000000100000000010000000000000000000000
0000000100000000100000000000000000000000
0000000010000001000000000000000000000000
0000000010000001000000000000000000000000
1000000010000001000000000000000000000000
1000000010000010000000000000000000000000
1000000010000010000000000000000000000000
1000000010000010000000000000000000000000
0000000010000010000000000000000000000000
0000000001000100000000000000000000000000
0000000001000100000000000000000000000000
1000000001000100000000000000000000000000
1000000001001000000000000000000000000000
1000000001010000000000000000000000000000
1000000001010000000000000000000000000000
1000000000110000000000000000000000000000
1000000000110000000000000000000000000000
0000000000100000000000000000000000000000
1000000000100000000000000000000000000000
1000000000100000000000000000000000000000
1000000001000000000000000000000000000000
0000000000000000000000000000000000000000
0000000000000000000000000000000000000000
0000000000000000000000000000000000000000
0000000000000000000000000000000000000000
1000000000000000000000000000000000000000
1000000000000000000000000000000000000000
1110000000000000000000000000000000000000
1010000000000000000000000000000000000000
0010000000000000000000000000000000000000
0000000000000000000000000000000000000000
0000000000000000000000000000000000000000
0000000000000000000000000000000000000000
1000000000000000000000000000000000000000
1000000000000000000000000000000000000000
1000000000000000000000000000000000000000
1000000000000000000000000000000000000000
0000000000000000000000000000000000000000
0000000000000000000000000000000000000000
0000000000000000000000000000000000000000
1000000000000000000000000000000000000000
1000000000000000000000000000000000000000
1000000000000000000000000000000000000000
1000000000000000000000000000000000000000
1000000000000000000000000000000000000000
0000000000000000000000000000000000000000
0000000000000000000000000000000000000000
1000000000000000000000000000000000000000
1000000000000000000000000000000000000000
1000000000000000000000000000000000000000
1000000000000000000000000000000000000000
1000000000000000000000000000000000000000
1000000000000000000000000000000000000000
0000000000000000000000000000000000000000
0000000000000000000000000000000000000000
0000000000000000000000000000000000000000
0000000000000000000000000000000000000000
0000000000000000000000000000000000000000
0000000000000000000000000000000000000000
0000000000000000000000000000000000000000
1000000000000000000000000000000000000000
1000000000000000000000000000000000000000
1000000000000000000000000000000000000000
1000000000000000000000000000000000000000
0000000000000000000000000000000000000000
0000000000000000000000000000000000000000
0000000000000000000000000000000000000000
0000000000000000000000000000000000000000
1000000000000000000000000000000000000000
1000000000000000000000000000000000000000
1000000000000000000000000000000000000000
1000000000000000000000001000000000000000
0000000000000000000000001000000000000000
0000000111111111100000010000000000000000
0000000010000000011111111110000000000000
1000000010000000011111111110000000000000
0000000001000000000000100000000000000000
0000000000100000000001000000000000000000
0000000000100000000001000000000000000000
0000000000010000000010000000000000000000
1000000000010000000010000000000000000000
1000000000001000000010000000000000000000
0000000000001000000100000000000000000000
0000000000001000000100000000000000000000
0000000000000100001000000000000000000000
0000000000000010010000000000000000000000
0000000000000010010000000000000000000000
0000000000000001010000000000000000000000
1000000000000001010000000000000000000000
1000000000000000100000000000000000000000
1000000000000000000000000000000000000000
1000000000000000000000000000000000000000
1000000000000000000000000000000000000000
1000000000000000000000000000000000000000
0000000000000000000000000000000000000000
1000000000000000000000000000000000000000
1000000000000000000000000000000000000000
1000000000000000000000000000000000000000
1000000000000000000000000000000000000000
1000000000000000000000000000000000000000
0000000000000000000000000000000000000000
0000000000000000000000000000000000000000
0000000000000000000000000000000000000000
0000000000000000000000000000000000000000
0000000000000000000000000000000000000000
0000000000000000000000000000000000000000
0000000000000000000000000000000000000000
1000000000000000000000000000000000000000
0000000000000000000000000000000000000000
0000000000000000000000000000000000000000
0000000000000000000000000000000000000000
0000000000000000000000000000000000000000
1000000000000000000000000000000000000000
1000000000000000000000000000000000000000
0000000000000000000000000000000000000000
1000000000000000000000000000000000000000
1000000000000000000000000000000000000000
1000000000000000000000000000000000000000
1000000000000000000000000000000000000000
1000000000000000000000000000000000000000
0000000000000000000000000000000000000000
0000000000000000000000000000000000000000
0000000000000000000000000000000000000000
0000000000000000000000000000000000000000
1000000000000000000000000000000000000000
1000000000000000000000000000000000000000
1000000000000000000000000000000000000000
1000000000000000000000000000000000000000
0000000000000000000000000000000000000000
0000000000000000000000000000000000000000
0000000000000000000000000000000000000000
0000000000000000000000000000000000000000
1000000000000000000000000000000000000000
0000000000000000000000000000000000000000
0000000000000000000000000000000000000000
1000000000000000000000000000000000000000
0000000000000000000000000000000000000000
0000000000000000000000000000000000000000
0000000000000000000000000000000000000000
0000000000000000000000000000000000000000
0000000000000000000000000000000000000000
0000000000000000000000000000000000000000
1000000000000000000000000000000000000000
0000000000000000000000000000000000000000
1000000000000000000000000000000000000000
0000000000000000000000000000000000000000
0000000000000000000000000000000000000000
0000000000000000000000000000000000000000
1000000000000000000000000000000000000000
1000000000000000000000000000000000000000
0000000000000000000000000000000000000000
0000000111000000000000000000000000000000
0000000111000000000000000000000000000000
0000000100111100000000000000000000000000
1000001000000011111000000000000000000000
1000001000000011111000000000000000000000
1000001000000000000111000000000000000000
1000001000000000000000000000000000000000
1000001000000000000000000000000000000000
0000001000000000000000100000000000000000
0000011000000000000000100000000000000000
1000010000000000000000100000000000000000
1000010000000000000001000000000000000000
1000010000000000000001000000000000000000
1000010000000000000001000000000000000000
1000010000000000000010000000000000000000
1000010000000000000010000000000000000000
0000100000000000000010000000000000000000
1000100000000000000010000000000000000000
1000100000000000000010000000000000000000
1000100000000000000100000000000000000000
1000100000000000000100000000000000000000
1000100000000000000100000000000000000000
0001100000000000001000000000000000000000
0001100000000000001000000000000000000000
0001011000000000001000000000000000000000
0001011000000000001000000000000000000000
0000000110000000010000000000000000000000
0000000001110000010000000000000000000000
0000000001110000010000000000000000000000
0000000000001100010000000000000000000000
0000000000000011100000000000000000000000
0000000000000011100000000000000000000000
0000000000000000110000000000000000000000
0000000000000000110000000000000000000000
0000000000000001000000000000000000000000
0000000000000001000000000000000000000000
0000000000000001000000000000000000000000
0000000000000000000000000000000000000000
0000000000000000000000000000000000000000
0000000000000000000000000000000000000000
0000000000000000000000000000000000000000
0000000000000000000000000000000000000000
0000000000000000000000000000000000000000
0000000000000000000000000000000000000000
0000000000000000000000000000000000000000
0000000000000000000000000000000000000000
0000000000000000000000000000000000000000
0000000000000000000000000000000000000000
0000000000000000000000000000000000000000
0000000000000000000000000000000000000000
0000000000000000000000000000000000000000
0000000000000000000000000000000000000000
0000000000000000000000000000000000000000
0000000000000000000000000000000000000000
0000000000000000000000000000000000000000
0000000000000000000000000000000000000000
0000000000000000000001111111111111111111
0000000000000000000001111111111111111111
0000000000000000000000111111111111111111
0000000000000000000001111111111111111111
0000000000000000000001111111111111111111
0000000000000000000001011111111111111111
0000000000000000000011011111111111111001
0000000000000000000011111111111111111001
0000001000000000000011111111111111111001
0000100000000000000000111111111111111111
0000000000000000000000011111111111110111
0000010000000000000000011111111111100001
0000000000000000000000011111111111110001
0000000000000000000000011111111111100011
0000000000000000000000011111111111100000
0000000000000000000000011111111111100000
0000000000000000000000011111111111110000
