0000000000000000000000000000000000000000
0000000000000000000000000000000000000000
0000000000000000000000000000000000000000
0000000000000000000000000000000000000000
0000000000000000000000000000000000000000
0000000000000000000000000000000000000000
0000000000000000000000000000000000000000
0000000000000000000000000000000000000000
0000000000000000000000000000000000000000
0000000000000000000000000000000000000000
0000010000000000000000000000000000000000
0000011000000000000000000000000000000000
0000011000000000000000000000000000000000
0000010110000000000000000000000000000000
0000010110000000000000000000000000000000
0000100001100000000000000000000000000000
0000100000011000000000000000000000000000
0000100000011000000000000000000000000000
0000100000000110000000000000000000000000
0000100000000001100000000000000000000000
0000100000000001100000000000000000000000
0000100000000000011000000000000000000000
0000100000000000001000000000000000000000
0001000000000000000110000000000000000000
0001000000000000000001100000000000000000
0001000000000000000001100000000000000000
0001000000000000000000110000000000000000
0001000000000000000011000000000000000000
0001000000000000000011000000000000000000
0010000000000000001100000000000000000000
0010000000000000001100000000000000000000
0010000000000000110000000000000000000000
0010000000000011000000000000000000000000
0010000000000011000000000000000000000000
0010000000001100000000000000000000000000
0010000000000000000000000000000000000000
0010000000110000000000000000000000000000
0100000011000000000000000000000000000000
0100000000000000000000000000000000000000
0100001100000000000000000000000000000000
0100110000000000000000000000000000000000
0100110000000000000000000000000000000000
0011000000000000000000000000000000000000
0000000000000000000000000000000000000000
0000000000000000000000000000000000000000
0000000000000000000000000000000000000000
0000000000000000000000000000000000000000
0000000000000000000000000000000000000000
0000000000000000000000000000000000000000
0000000000000000000000000000000000000000
0000000000000000000000000000000000000000
0000000000000000000000000000000000000000
0000000000000000000000000000000000000000
0000000000000000000000000000000000000000
0000000000000000000000000000000000000000
0000000000000000000000000000000000000000
0000000000000000000000000000000000000000
1100000000000000000000000000000000000000
0100000000000000100000000000000000000000
0100000000000001001000000000000000000000
0000000000000001001000000000000000000000
0000000000000110000100000000000000000000
0000000000000110000100000000000000000000
0000000000001000000100000000000000000000
0000000000010000000010000000000000000000
0000000000010000000010000000000000000000
0000000000100000000001000000000000000000
0000000000000000000001000000000000000000
0000000001000000000001000000000000000000
0000000110000000000000100000000000000000
0000000110000000000000100000000000000000
0000001000000000000000100000000000000000
0000010000000000000000010000000000000000
0000010000000000000000010000000000000000
0000000100000000000000001000000000000000
0000000000000000000000001000000000000000
0000000010000000000000001000000000000000
0000000010000000000000000100000000000000
0000000010000000000000000100000000000000
0000000001000000000000000000000000000000
0000000001000000000000000010000000000000
0000000001000000000000000010000000000000
0000000000100000000000001100000000000000
0000000000100000000000110000000000000000
0000000000100000000000110000000000000000
0000000000010000000001000000000000000000
0000000000010000000001000000000000000000
0000000000010000000110000000000000000000
0000000000001000001000000000000000000000
0000000000001000001000000000000000000000
0000000000001000110000000000000000000000
0000000000000101000000000000000000000000
0000000000000111000000000000000000000000
0000000000000100000000000000000000000000
0000000000000000000000000000000000000000
0000000000000000000000000000000000000000
0000000000000000000000000000000000000000
0000000000000000000000000000000000000000
0000000000000000000000000000000000000000
0000000000000000000000000000000000000000
0000000000000000000000000000000000000000
0000000000000000000000000000000000000000
0000000000000000000000000000000000000000
0000000000000000000000000000000000000000
0000000000000000000000000000000000000000
0000000000000000000000000000000000000000
0000000000000000000000000000000000000000
0000000000000000000000000000000000000000
0000000000000000000000000000000000000000
0000000000000000000000000000000000000000
0000000000000000000000000000000000000000
0000000000000000000000000000000000000000
0000000000000000000000000000000000000000
0000000000000000000000000000000000000000
0000000000000000000000000000000000000000
0000000000000000000000000000000000000000
0000000000000000000000000000000000000000
0000000000000000000000000000000000000000
0000000000000000000000000000000000000000
0000000000000000000000000000000000000000
0000000000000000000000000000000000000000
0000000000000000000000000000000000000000
0000000000000000000000000000000000000000
0000000000000000000000000000000000000000
0000000000000000000000000000000000000000
0000000000000000000000000000000000000000
0000000000000000000000000000000000000000
0000000000000000000000000000000000000000
0000000000000000000000000000000000000000
0000000000000000000000000000000000000000
0000000000000000000000000000000000000000
0000000000000000000000000000000000000000
0000000000000000000000000000000000000000
0000000000000000001000000000000000000000
0000000000000000001000000000000000000000
0000000000000000001000000000000000000000
0000000000000000001100000000000000000000
0000000000000000001100000000000000000000
0000000000000000111000000000000000000000
0000000000000011001000000000000000000000
0000000000000011001000000000000000000000
0000000000011100001000000000000000000000
0000000000011100001000000000000000000000
0000000001100000001000000000000000000000
0000001110000000001000000000000000000000
0000001110000000001000000000000000000000
0000110000000000001000000000000000000000
0011000000000000011000000000000000000000
0011000000000000010000000000000000000000
1100000000000000010000000000000000000000
1100000000000000010000000000000000000000
0011000000000000010000000000000000000000
0000111000000000010000000000000000000000
0000111000000000010000000000000000000000
0000000111000000010000000000000000000000
0000000000110000010000000000000000000000
0000000000110000010000000000000000000000
0000000000001110010001100000000000000000
0000000000001110010011100000000000000000
0000000000000001111110100000000000000000
0000000000000111110001000000000000000000
0000000000000111110001000000000000000000
0000000000111000010001000000000000000000
0000001111000000000010000000000000000000
0000001111000000000010000000000000000000
0000110000000000000010000000000000000000
0000110000000000000000000000000000000000
0000000000000000000100000000000000000000
0000001000000000000100000000000000000000
0000001000000000000100000000000000000000
0000001000000000000100000000000000000000
0000000100000000001000000000000000000000
0000000100000000001000000000000000000000
0000000100000000001000000000000000000000
0000000100000000001000000000000000000000
0000000010000000010000000000000000000000
0000000010000000010000000000000000000000
0000000010000000010000000000000000000000
0000000001000000110000000000000000000000
0000000001000001100000000000000000000000
0000000001000001100000000000000000000000
0000000000100010100000000000000000000000
0000000000100010100000000000000000000000
0000000000100101100000000000000000000000
0000000000011001100000000000000000000000
0000000000011001100000000000000000000000
0000000000010010100000000000000000000000
0000000000101010100000000000000000000000
0000000000101010100000000000000000000000
0000000001001010010000000000000000000000
0000000001001010010000000000000000000000
0000000010000100010000000000000000000000
0000000010000100010000000000000000000000
0000000010000100010000000000000000000000
0000000100001000010000000000000000000000
0000001000001000010000000000000000000000
0000001000001000010000000000000000000000
0000010000000000010000000000000000000000
0000010000000000010000000000000000000000
0000100000000000010000000000000000000000
0001000000000000010000000000000000000000
0001000000000000010000000000000000000000
1010000000000000010000000000000000000000
0110000000000000010000000000000000000000
0110000000000000010000000000000000000000
0001100000000000010000000000000000000000
0001100000000000010000000000000000000000
0000010000000000010000000000000000000000
0000001100000000001000000000000000000000
0000001100000000001000000000000000000000
0000000011000000001000000000000000000000
0000000000100000001000000000000000000000
0000000000100000001000000000000000000000
0000000000011000001000000000000000000000
0000000000011000001000000000000000000000
0000000000000110001000000000000000000000
0000000000000001001000000000000000000000
0000000000000001001000000000000000000000
0000000000000000111000000000000000000000
0000000000000000001100000000000000000000
0000000000000000001100000000000000000000
0000000000000000000010000000000000000000
0000000000000000000010000000000000000000
0000000000000000000000000000000000000000
0000000000000000000000000000000000000000
0000000000000000000000000000000000000000
0000000000000000000000000000000000000000
0000000000000000000000000000000000000000
0000000000000000000000000000000000000000
0000000000000000000000000000000000000000
0000000000000000000000000000000000000000
0000000000000000000000000000000000000000
0000000000000000000000000000000000000000
0000000000000000000000000000000000000000
0000000000000000000000000000000000000000
0000000000000000000000000000000000000000
0000000000000000000000000000000000000000
1111111111111111111111111111111111111111
1111111111111111111111111111111111111111
1111111111111111111111111111111111111111
1111111111111111111111111111111111111111
1111111111111111111111111111111111111111
1111111111111111111111111111111111111111
1111111111111111111111111111111111111111
1111111111111111111111111111111111111111
1111111111111111111111111111111111111111
1111111111111111111111111111111111111111
1111111111111111111111111111111111111111
1111111111111111111111111111111111111111
1111111111111111111111111111111111111111
1111111111111111111111111111111111111111
1111111111110111111111111111111111111111
1111111111110101111111111111111111111111
1111111111110101111111111111111111111111
1111111111111101111111111111111111111111
1111111111011111111111111111111111111111
1111111111011111111111111111111111111111
1111111111111101111111111111111111111111
1111111111111111111110111111111111111111
1111111111111111111110111111111111110011
1111111111111111111111111111111111110011
1111111111111111111111111111111111110011
1111111111111111111111111111111111111111
1111111111111111111111111111111111101111
1111110011111111111111111111111111000011
1111111111111111111111111111111111100011
1111111111111111111111111111111111000111
1111111111111111111011111111111111000000
1111111111110111111111111111111111000000
1111111111110010111111111111111111100000
