0000000000000000000000000000000000000000
0000000000000000000000000000000000000000
0000000000000000000000000000000000000000
0000000000000000000000000000000000000000
0000000000000000000000000000000000000000
0000000000000000000000000000000000000000
0000000000000000000000000000000000000000
0000000000000000000000000000000000000000
0000000000000000000000000000000000000000
0000000000000000000000000000000000000000
0000000000000000000000000000000000000000
0000000000000000000000000000000000000000
0000000000000000000000000000000000000000
0000000000000000000000000000000000000000
0000000000000000000000000000000000000000
0000000000000000000000000000000000000000
0000000000000000000000000000000000000000
0000000000000000000000000000000000000000
0000000000000000000000000000000000000000
0000000000000000000000000000000000000000
0000000000000000000000000000000000000000
0000000000000000000000000000000000000000
0000000000000000000000000000000000000000
0000000000000000000000000000000000000000
0000000000000000000000000000000000000000
0000000000000000000000000000000000000000
0000000000000000000000000000000000000000
0000000000001111000000000000000000000000
0000000000001111000000000000000000000000
0000001111110001000000000000000000000000
0000001111110001000000000000000000000000
0001110000000010000000000000000000000000
0000100000000010000000000000000000000000
0000100000000010000000000000000000000000
0000100000000100000000000000000000000000
0000010000000100000000000000000000000000
0000010000000100000000000000000000000000
0000010000000100000000000000000000000000
0000010000000100000000000000000000000000
0000001000001000000000000000000000000000
0000001000001000000000000000000000000000
0000001000001000000000000000000000000000
0000001000010000000000000000000000000000
0000000100010000000000000000000000000000
0000000100010000000000000000000000000000
0000000100010000000000000000000000000000
0000000100010000000000000000000000000000
0000000010100000000000000000000000000000
0000000010100000000000000000000000000000
0000000010100000000000000000000000000000
0000000001000000000000000000000000000000
0000000001000000000000000000000000000000
0000000001000000000000000000000000000000
0000000000000000000000000000000000000000
0000000000000000000000000000000000000000
0000000000000000000000000000000000000000
0000000000000000000000000000000000000000
1100000000000000000000000000000000000000
0100000000000000000000000000000000000000
0100000000000000000000000000000000000000
0000000000000000000000000000000000000000
0000000000000000000000000000000000000000
0000000000000000000000000000000000000000
0000000000000000000000000000000000000000
0000000000000000000000000000000000000000
0000000000000000000000000000000000000000
0000000000000000000000000000000000000000
0000000000000000000000000000000000000000
0000000000000000000000000000000000000000
0000000000000000000000000000000000000000
0000000000000000000000000000000000000000
0000000000000000000000000000000000000000
0000000000000000000000000000000000000000
0000000000000000000000000000000000000000
0000000000000000000000000000000000000000
0000000000000000000000000000000000000000
0000000000000000000000000000000000000000
0000000000000000000000000000000000000000
0000000000000000000000000000000000000000
0000000000000000000000000000000000000000
0000000000000000000000000000000000000000
0000000000000000000000000000000000000000
0000000000000000000000000000000000000000
0000000000000000000000000000000000000000
0000000000000000000000000000000000000000
0000000000000000000000010000000000000000
0000000000000000000000010000000000000000
0000000000000000000000010000000000000000
0000000000000000000000111000000000000000
0000000000000000000000111000000000000000
0000000000000000001111100000000000000000
0000000000000000110000100000000000000000
0000000000000011110000100000000000000000
0000000000111100000001000000000000000000
0000000100111100000001000000000000000000
0000001111000000000001000000000000000000
0011110000000000000010000000000000000000
0011110000000000000010000000000000000000
1100000000000000000010000000000000000000
0000000000000000000010000000000000000000
0000000000000000000010000000000000000000
1000000000000000000100000000000000000000
1000000000000000000100000000000000000000
0100000000000000000100000000000000000000
0011000000000000000100000000000000000000
0011000000000000000100000000000000000000
0000100000000000001000000000000000000000
0000010000000000001000000000000000000000
0000010000000000001000000000000000000000
0000001000000000001000000000000000000000
0000001000000000000000000000000000000000
0000000110000000010000000000000000000000
0000000001000000010000000000000000000000
0000000001000000010000000000000000000000
0000000000100000100000000000000000000000
0000000000011000100000000000000000000000
0000000000011000100000000000000000000000
0000000000000100100000000000000000000000
0000000000000100100000000000000000000000
0000000000000011000000000000000000000000
0000000000000001000000000000000000000000
0000000000000001000000000000000000000000
0000000000000000000000000000000000000000
0000000000000000000000000000000000000000
0000000000000000000000000000000000000000
0000000000000000000000000000000000000000
0000000000000000000000000000000000000000
0000000000000000000000000000000000000000
0000000000000000000000000000000000000000
0000000000000000000000000000000000000000
0000000000000000000000000000000000000000
0000000000000000000000000000000000000000
0000000000000000000000000000000000000000
0000000000000000000000000000000000000000
0000000000000000000000000000000000000000
0000000000000001010000000000000000000000
0000000000000010010000000000000000000000
0000000000000010010000000000000000000000
0000000000000100010000000000000000000000
0000000000001110010000000000000000000000
0000000000001110010000000000000000000000
0000000000011010010000000000000000000000
0000000000011010010000000000000000000000
0000000001110010010000000000000000000000
0000000110100010010000000000000000000000
0000000110100010010000000000000000000000
0000011001000100010000000000000000000000
0000100010000100010000000000000000000000
0000100010000100010000000000000000000000
0000000100000100001000000000000000000000
0000000100000100001000000000000000000000
0000100100000100001000000000000000000000
0000011000000100001000000000000000000000
0000011000000100001000000000000000000000
0000011000000100001000000000000000000000
0000100100000100001000000000000000000000
0000100100000100001000000000000000000000
0001000011000100001000000000000000000000
0001000011000100001000000000000000000000
0010000000101000001000000000000000000000
0010000000011000001000000000000000000000
0010000000011000001000000000000000000000
0100000000001000001000000000000000000000
1111100000001000001000000000000000000000
1111100000001000001000000000000000000000
0000011111111110000000000000000000000000
0000011111111110000000000000000000000000
0000000000000001111110000000000000000000
0000000000000000000000000000000000000000
0000000000000000000000000000000000000000
0000000000000000000000000000000000000000
0000000000000000000000000000000000000000
0000000000000000000000000000000000000000
0000000000000000000000000000000000000000
0000000000000000000000000000000000000000
0000000000000000000000000000000000000000
0000000000000000000000000000000000000000
0000000000000000000000000000000000000000
0000000000000000000000000000000000000000
0000000000000000000000000000000000000000
0000000000000000000000000000000000000000
0000000000000000000000000000000000000000
0000000000000000000000000000000000000000
0000000000000000000000000000000000000000
0000000000000000000000000000000000000000
0000000000000000000000000000000000000000
0011111111000000000000000000000000000000
0010000000111011111010000000000000000000
0010000000111111111010000000000000000000
0010000000000000000010000000000000000000
0010000000000000000010000000000000000000
0010000000000000000010000000000000000000
0010000000000000000010000000000000000000
0010000000000000000010000000000000000000
0010000000000000000010000000000000000000
0010000000000000000100000000000000000000
0010000000000000000100000000000000000000
0010000000000000000100000000000000000000
0010000000000000000100000000000000000000
0010000000000000000100000000000000000000
0100000000000000000100000000000000000000
0100000000000000000100000000000000000000
0100000000000000000100000000000000000000
0100000000000000000100000000000000000000
0100000000000000000100000000000000000000
0100000000000000000100000000000000000000
0100000000000000000100000000000000000000
0100000000000000000100000000000000000000
0100000000000000001000000000000000000000
0100000000000000001000000000000000000000
0100000000000000001000000000000000000000
0100000000000000001000000000000000000000
0100000000000000001000000000000000000000
0100000000000000001000000000000000000000
0100000000000000001000000000000000000000
0000000000111111111000000000000000000000
0111111111000000000000000000000000000000
0111111111000000000000000000000000000000
0000000000000000000000000000000000000000
0000000000000000000000000000000000000000
0000000000000000000000000000000000000000
0000000000000000000000000000000000000000
0000000000000000000000000000000000000000
0000000000000000000000000000000000000000
0000000000000000000000000000000000000000
0000000000000000000000000000000000000000
0000000000000000000000000000000000000000
0000000000000000000000000000000000000000
0000000000000000000000000000000000000000
0000000000000000000000000000000000000000
0000000000000000000000000000000000000000
0000000000000000000000000000000000000000
0000000000000000000000000000000000000000
0000000000000000000000000000000000000000
0000000000000000000000000000000000000000
0000000000000000000000000000000000000000
0000000000000000000000000000000000000000
1111111111111111111111111111111111111111
1111111111111111111111111111111111111111
1111111111111111111111111111111111111111
1111111111111111111111111111111111111111
1111111111111111111111111111111111111111
1111111111111111111111111111111111111111
1111111111111111111111111111111111111111
1111111111111111111111111111111111111111
1111111111111111111111111111111111111111
1111111111111111111111111111111111111111
1111111111111111111111111111111111111111
1111111111111111111111111111111111111111
1111111111111111111111111111111111111111
1111111111111111111111111111111111111111
1111111111110111111111111111111111111111
1111111111110101111111111111111111111111
1111111111110101111111111111111111111111
1111111111111101111111111111111111111111
1111111111011111111111111111111111111111
1111111111011111111111111111111111111111
1111111111111101111111111111111111111111
1111111111111111111110111111111111111111
1111111111111111111110111111111111110011
1111111111111111111111111111111111110011
1111111111111111111111111111111111110011
1111111111111111111111111111111111111111
1111111111111111111111111111111111101111
1111110011111111111111111111111111000011
1111111111111111111111111111111111100011
1111111111111111111111111111111111000111
1111111111111111111011111111111111000000
1111111111110111111111111111111111000000
1111111111110010111111111111111111100000
