0000000000000000000000000000000000000000
0000000000000000000000000000000000000000
0000000000000000000000000000000000000000
0000000000000000000000000000000000000000
0000000000000000000000000000000000000000
0000000000000000000000000000000000000000
0000000000000000000000000000000000000000
0000000000000000000000000000000000000000
0000000000000000000000000000000000000000
0000000000000000000000000000000000000000
0000000000000000000000000000000000000000
0000000000000000000000000000000000000000
0000000000000000000000000000000000000000
0000000000000000000000000000000000000000
0000000000000000000000000000000000000000
0000000000000000000000000000000000000000
0000000000000000000000000000000000000000
0000000000000000000000000000000000000000
0000000000000000000000000000000000000000
0000000000000000000000000000000000000000
0000000000000000000000000000000000000000
0000000000000000000000000000000000000000
0000000000000000000000000000000000000000
0000000000000000000000000000000000000000
0000000000000000000000000000000000000000
0000000000000000000000000000000000000000
0000000000000000000000000000000000000000
0000000000000000000000000000000000000000
0000000000000000000000000000000000000000
0000000000000000000000000000000000000000
0000000000000000000000000000000000000000
0000000000000000000000000000000000000000
0000000000000000000000000000000000000000
0000000000000000000000000000000000000000
0000000000000000000000000000000000000000
1000000000000000000000000000000000000000
1000000000000000000000000000000000000000
1000000000000000000000000000000000000000
1000000000000000000000000000000000000000
0000000000000000000000000000000000000000
0000000000000000000000000000000000000000
0000000000000000000000000000000000000000
1000000000000000000000000000000000000000
1000000000000000000000000000000000000000
1000000000000000000000000000000000000000
1000000000000000000000000000000000000000
1000000000000000000000000000000000000000
1000000000000000000000000000000000000000
0000000000000000000000000000000000000000
1000000000000000000000000000000000000000
1000000000000000000000000000000000000000
1000000000000000000000000000000000000000
0000000000000000000000000000000000000000
0000000000000000000000000000000000000000
0000000000000000000000000000000000000000
0000000000000000000000000000000000000000
1000000000000000000000000000000000000000
1000000000000000000000000000000000000000
1110000000000000000000000000000000000000
1010000000000000000000000000000000000000
0010000000000000000000000000000000000000
0000000000000000000000000000000000000000
0000000000000000000000000000000000000000
0000000000000000000000000000000000000000
1000000000000000000000000000000000000000
1000000000000000000000000000000000000000
1000000000000000000000000000000000000000
1000000000000000000000000000000000000000
0000000000000000000000000000000000000000
0000000000000000000000000000000000000000
0000000000000000000000000000000000000000
1000000000000000000000000000000000000000
1000000000000000000000000000000000000000
1000000000000000000000000000000000000000
1000000000000000000000000000000000000000
1000000000000000000000000000000000000000
0000000000000000000000000001100000000000
0000000000000000000000000001100000000000
1000000000000000000000000011000000000000
1000000000000000000000000001000000000000
1000000000000000000000000101000000000000
1000000000000000000000011010000000000000
1000000000000000000000011010000000000000
1000011100000000000001100010000000000000
0000000111111000000010000010000000000000
0000000111111000000010000010000000000000
0000000100000111111100000010000000000000
0000000100000011111100000010000000000000
0000000010000000010111000010000000000000
0000000010000001100000000010000000000000
0000000010000001100000000010000000000000
1000000010000010000000010100000000000000
1000000001000000000000100100000000000000
1000000001001100000000100100000000000000
1000000001010000000000100100000000000000
0000000001010000000000000100000000000000
0000000001100000000001000100000000000000
0000000111000000000010000100000000000000
0000000111000000000010000100000000000000
1000001000100000000010000100000000000000
1000110000100000000100001000000000000000
1000110000100000000100001000000000000000
1001100000100000000100001000000000000000
0001110000100000000100001000000000000000
0000011100010000001000001000000000000000
0000000011110000010000001000000000000000
1000000011110000010000001000000000000000
0000000000011100010000001000000000000000
0000000000001011110000001000000000000000
0000000000001011110000001000000000000000
0000000000001001001110010000000000000000
1000000000001001000010010000000000000000
1000000000001001000001110000000000000000
0000000000001010000000011100000000000000
0000000000001010000000011100000000000000
0000000000000110000000010000000000000000
0000000000000100000000000000000000000000
0000000000000100000000000000000000000000
0000000000000000000000000000000000000000
1000000000000000000000000000000000000000
1000000000000000000000000000000000000000
1000000000000000000000000000000000000000
1000000000000000000000000000000000000000
1000000000000000000000000000000000000000
1000000000000000000000000000000000000000
0000000000000000000000000000000000000000
1000000000000000000000000000000000000000
1000000000000000000000000000000000000000
1000000000000000000000000000000000000000
1011000000000000000000000000000000000000
1011000000000000000000000000000000000000
0010110000000000000000000000000000000000
0001001100000000000000000000000000000000
0001001100000000000000000000000000000000
0001000011100000000000000000000000000000
0001000011111000000000000000000000000000
0001000000011000000000000000000000000000
0000100000000111000000000000000000000000
1000100000000111000000000000000000000000
0000100000000000110010000000000000000000
0000010000000000001100000000000000000000
0000010000000000001100000000000000000000
0000010000000000011011000000000000000000
1000010000000000011011000000000000000000
1000010000000000100000000000000000000000
0000001000000001000000000000000000000000
1000001000000001000000000000000000000000
1000001000000010000000000000000000000000
1000001000000100000000000000000000000000
1000001000000100000000000000000000000000
1000000100011000000000000000000000000000
0000000100011000000000000000000000000000
0000000100100000000000000000000000000000
0000000001000000000000000000000000000000
0000000001000000000000000000000000000000
1000000000000000000000000000000000000000
1000000000000000000000000000000000000000
1000000000000000000000000000000000000000
1000000000000000000000000000000000000000
0000000000000000000000000000000000000000
0000000000000000000000000000000000000000
0000000000001000000000000000000000000000
0000000000001000000000000000000000000000
1000000000001111111111111111111000000000
0000000000001000000000000000001000000000
0000000000001000000000000000001000000000
1000000000001000000000000000001000000000
0000000000001000000000000000001000000000
0000000000001000000000000000001000000000
0000000000001000000000000000010000000000
0000000000001000000000000000010000000000
0000000000001000000000000000010000000000
0000000000001000000000000000010000000000
1000000000001000000000000000010000000000
0000000000001000000000000000010000000000
1000000000001000000000000000010000000000
0000000000010000000000000000100000000000
0000000000010000000000000000100000000000
0000000000010000000000000000100000000000
1000000000010000000000000000100000000000
1000000000010000000000000000100000000000
0000000000010000000000000000100000000000
0000000000010000000000000001000000000000
0000000000010000000000000001000000000000
0000000000010000000000000001000000000000
1000000000010000000000000001000000000000
1000000000010000000000000001000000000000
1000000000010000000000000001000000000000
1000000000010000000000000010000000000000
1000000000010000000000000010000000000000
0000000000011111000000000010000000000000
0000000000011111000000000010000000000000
1000000000000000111111110010000000000000
1000000000000000000000001111100000000000
1000000000000000000000001111100000000000
1000000000000000000000000000000000000000
1000000000000000000000000000000000000000
1000000000000000000000000000000000000000
0000000000000000000000000000000000000000
1000000000000000000000000000000000000000
1000000000000000000000000000000000000000
1000000000000000000000000000000000000000
1000000000000000000000000000000000000000
1000000000000000000000000000000000000000
0000000000000000000000000000000000000000
0000000000000000000000000000000000000000
0000000000000000000000000000000000000000
0000000000000000000000000000000000000000
0000000000000000000000000000000000000000
0000000000000000000000000000000000000000
0000000000000000000000000000000000000000
0000000000000000000000000000000000000000
0000000000000000000000000000000000000000
0000000000000000000000000000000000000000
0000000000000000000000000000000000000000
0000000000000000000000000000000000000000
0000000000000000000000000000000000000000
0000000000000000000000000000000000000000
0000000000000000000000000000000000000000
0000000000000000000000000000000000000000
0000000000000000000000000000000000000000
0000000000000000000000000000000000000000
0000000000000000000000000000000000000000
0000000000000000000000000000000000000000
0000000000000000000000000000000000000000
0000000000000000000000000000000000000000
0000000000000000000000000000000000000000
0000000000000000000000000000000000000000
0000000000000000000000000000000000000000
0000000000000000000000000000000000000000
0000000000000000000000000000000000000000
0000000000000000000000000000000000000000
0000000000000000000000000000000000000000
0000000000000000000000000000000000000000
0000000000000000000000000000000000000000
0000000000000000000000000000000000000000
0000000000000000000000000000000000000000
0000000000000000000000000000000000000000
0111111111100000000000000000000111111111
0101101111000000000000000000000111111110
1111000110000000000000000000000111111110
1111000000000000000000000000000111111110
1111000000000000000000000000000111111111
1111000000000000000000100001000111111111
1000000000000000000000100001100111111111
1000011000000000000001100011000111111111
0011100000000000000011000110000111111111
1011100000000000000011000011000111111111
1011101100000000000011001001000111011111
1110001100000000000011000000000111011101
1100000000000000000111000000000111111001
1000000000000000000111000000000111111101
0000000000000000000011000000000111111100
0000000000000000000001000000000111111000
0000000000000000000000000000000110111000
0000000000000000000100000000001110111000
0000000000000000000100000000001111111000
0000000000000000000100000000011011011111
0000000000000000000000000100011011001100
0000000000000000001010000100011001001100
1000000000000000001010000000011000001000
1000000000000000001111000000111000000001
0000000000000000001101110001111000001110
0000000000000000011100000011111110001000
0000000000000000011111000001111110001000
0000000000000000010011000101011110001000
0000000000000000110000100100011110111110
0000000000000000100000100001011111000000
0000000000000001100000000000011111100000
0000000000010001000000000000011111100000
