1111111111111111111100000111100001111111
1111111111111111111100001110001111111111
1111111111111111111100111100111111111111
1011111111111111111100111111111111111111
1011111111111111111001111111001111111111
1011111111111111111000111110001111111111
1101111111111111111101111111101111111111
1101111111111111111011111111111111111111
1111111111111111111011111111111111011111
1111111111111111111100111111111111011111
1111111111111111111100111111111110011111
0000000000000000000000000000000000000000
0000000000000000000000000000000000000000
0000000000000000000000000000000000000000
0000000000000000000000000000000000000000
0000000000000000000000000000000000000000
0000000000000000000000000000000000000000
0000000000000000000000000000000000000000
0000000000000000000000000000000000000000
0000000000000000000000000000000000000000
0000000000000000000000000000000000000000
0000000000000000000000000000000000000000
0000000000000000000000000000000000000000
0000000000000000000000000000000000000000
0000000000000000000000000000000000000000
0000000000000000000000000000000000000000
0000000000000000000000000000000000000000
0000000000000000000000000000000000000000
0000000000000000000000000000000000000000
0000000000000000000000000000000000000000
0000000000000000000000000000000000000000
0000000000000000000000000000000000000000
0000000000000000000000000000000000000000
0000000000000000000000000000000000000000
0000000000000000000000000000000000000000
0000000000000000000000000000000000000000
0000000000000000000000000000000000000000
0000000000000000000000000000000000000000
0000000000000000000000000000000000000000
0000000000000000000000000000000000000000
0000000000000000000000000000000000000000
0000000000000000000000000000000000000000
0000000000000000000000000000000000000000
0000000000000000000000000000000000000000
0000000000000000000000000000000000000000
0000000000000000000000000000000000000000
0000000000000000000000000000000000000000
0000000000000000000000000000000000000000
0000000000000000000000000000000000000000
0000000000000000000000000000000000000000
0000000000000000000000000000000000000000
0000000000000000000000000000000000000000
0000000000000000000000000000000000000000
0000000000000000000000000000000000000000
0000000000000000000000000000000000000000
0000000000000000000000000000000000000000
0000000000000000000000000000000000000000
0000000011100000000000000000000000000000
0000000011100000000000000000000000000000
0000000100011111000000000000000000000000
0000000100011011000000000000000000000000
0000000100000000111110000000000000000000
0000000100000000000001110000000000000000
0000000100000000000001110000000000000000
0000000100000000000001000000000000000000
0000001000000000000001000000000000000000
0000001000000000000001000000000000000000
0000001000000000000001000000000000000000
0000001000000000000001000000000000000000
0000001000000000000001000000000000000000
0000001000000000000001000000000000000000
1100001000000000000001000000000000000000
0100001000000000000001000000000000000000
0100001000000000000001000000000000000000
0000001000000000000001000000000000000000
0000010000000000000001000000000000000000
0000010000000000000001000000000000000000
0000010000000000000010000000000000000000
0000010000000000000010000000000000000000
0000010000000000000010000000000000000000
0000011100000000000010000000000000000000
0000000000010000000010000000000000000000
0000000011110000000010000000000000000000
0000000000001111000010000000000000000000
0000000000001111000010000000000000000000
0000000000000000111010000000000000000000
0000000000000000000010000000000000000000
0000000000000000000010000000000000000000
0000000000000000000010000000000000000000
0000000000000000000000000000000000000000
0000000000000000000000000000000000000000
0000000000000000000000000000000000000000
0000000000000000000000000000000000000000
0000000000000000000000000000000000000000
0000000000000000000000000000000000000000
0000000000000000000000000000000000000000
0000000000000000000000000000000000000000
0000000000000000000000000000000000000000
0000000000000000000000000000000000000000
0000000000000000000000000000000000000000
0000000000000000000000000000000000000000
0000000000000000000000000000000000000000
0000000000000000000000000000000000000000
0000000000000000000000000000000000000000
0000000000000000000000000000000000000000
0000000000000000000000000000000000000000
0000000000000000000000000000000000000000
0000000000000000000000000000000000000000
0000000000000000000000000000000000000000
0000000000000000000000000000000000000000
0000000000000000000000000000000000000000
0000000000000000000000000000000000000000
0000000000000000000000000000000000000000
0000000000000000000000000000000000000000
0000000000000000000000000000000000000000
0000000000000000000000000000000000000000
0000000000000000000000000000000000000000
0000000000000000000000000000000000000000
0000000000000000000000000000000000000000
0000000000000000000000000000000000000000
0000000000000000000000000000000000000000
0000000000000000000000000000000000000000
0000000000000000000000000000000000000000
0000000000000000000000000000000000000000
0000000000000000000000000000000000000000
0000001100000000000000000000000000000000
0000001011000000000000000000000000000000
0000001011000000000000000000000000000000
0000001000110000000000000000000000000000
0000001000001100000000000000000000000000
0000001000001100000000000000000000000000
0000000100000011000000000000000000000000
0000000100000011000000000000000000000000
0000000100000000111000000000000000000000
0000000100000000000110000000000000000000
0000000100000000000110000000000000000000
0000000100000000000001100000000000000000
0000000100000000000000011000000000000000
0000000100000000000000011000000000000000
0000000100000000000000000110000000000000
0000000100000000000000000110000000000000
0000000100000000000000011000000000000000
0000000100000000000011100000000000000000
0000000100000000000011100000000000000000
0000000010000000011100000000000000000000
0000000010000000000000000000000000000000
0000000010000001100000000000000000000000
0000000010001110000000000000000000000000
0000000010001110000000000000000000000000
0000000011110000000000000000000000000000
0000000110000000000000000000000000000000
0000000110000000000000000000000000000000
0000000000000000000000000000000000000000
0000000000000000000000000000000000000000
0000000000000000000000000000000000000000
0000000000000000000000000000000000000000
0000000000000000000000000000000000000000
0000000000000000000000000000000000000000
0000000000000000000000000000000000000000
0000000000000000000000000000000000000000
0000000000000000000000000000000000000000
0000000000000000000000100000000000000000
0000000000000000000001100000000000000000
0000000000000000011110100000000000000000
0000000000000000011110100000000000000000
0000000000000011100001000000000000000000
0000000000111100000001000000000000000000
0000000000111100000001000000000000000000
0000000111000000000001000000000000000000
0001111100000000000010000000000000000000
0001111000000000000010000000000000000000
0110000000000000000010000000000000000000
0110000000000000000010000000000000000000
1000000000000000000100000000000000000000
0100000000000000000100000000000000000000
0100000000000000000100000000000000000000
0100000000000000000100000000000000000000
0010000000000000001000000000000000000000
0010000000000000001000000000000000000000
0001000000000000001000000000000000000000
0001000000000000001000000000000000000000
0001000000000000001000000000000000000000
0000100000000000010000000000000000000000
0000100000000000010000000000000000000000
0000100000000000010000000000000000000000
0000010000000000100000000000000000000000
0000010000000000100000000000000000000000
0000001000000000100000000000000000000000
0000001000000000100000000000000000000000
0000001000000000100000000000000000000000
0000000100000001000000000000000000000000
0000000100000001000000000000000000000000
0000000010000001000000000000000000000000
0000000010000001000000000000000000000000
0000000010000001000000000000000000000000
0000010101000010000000000000000000000000
0000010101000010000000000000000000000000
0000010011000010000000000000000000000000
0000001000100100000000000000000000000000
0000001000100100000000000000000000000000
0000001000011100000000000000000000000000
0000001000010100000000000000000000000000
0000001000010100000000000000000000000000
0000001000001011000000000000000000000000
0000001000001011000000000000000000000000
0000000100001000101000000000000000000000
0000000100000000010000000000000000000000
0000000100000000010000000000000000000000
0000000100000000100000000000000000000000
0000000100000001000000000000000000000000
0000000100000001000000000000000000000000
0000000010000010000000000000000000000000
0000000010000010000000000000000000000000
1100000010000100000000000000000000000000
0111110010000100000000000000000000000000
0111110010000100000000000000000000000000
0100001110001000000000000000000000000000
0010000001110000000000000000000000000000
0010000001110000000000000000000000000000
0010000001101111000000000000000000000000
0010000001101111000000000000000000000000
0001000001000000111000010000000000000000
0001000000000000000111100000000000000000
0001000000000000000111100000000000000000
0000100000000000000011011000000000000000
0000100000000000000100000000000000000000
0000100000000000000100000000000000000000
0000010000000000001000000000000000000000
0000010000000000001000000000000000000000
0000010000000000110000000000000000000000
0000001000000001000000000000000000000000
0000001000000001000000000000000000000000
0000001000000010000000000000000000000000
0000000100001100000000000000000000000000
0000000100001100000000000000000000000000
0000000100010000000000000000000000000000
0000000100010000000000000000000000000000
0000000010100000000000000000000000000000
0000000010000000000000000000000000000000
0000000010000000000000000000000000000000
0000000001000000000000000000000000000000
0000000000000000000000000000000000000000
0000000000000000000000000000000000000000
0000000000000000000000000000000000000000
0000000000000000000000000000000000000000
0000000000000000000000000000000000000000
0000000000000000000000000000000000000000
0000000000000000000000000000000000000000
0000000000000000000000000000000000000000
0000000000000000000000000000000000000000
0000000000000000000000000000000000000000
0000000000000000000110000000001111111000
0000000000000000000010000000001111110001
0000000000000000000000000000001101110000
0000000000000000001000000000011101110000
0000000000000000001000000000011111110000
0000000000000000001000000000110110111110
0000000000000000000000001000110110011000
0000000000000000010100001000110010011000
0000000000000000010100000000110000010000
0000000000000000011110000001110000000010
0000000000000000011011100011110000011101
0000000000000000111000000111111100010000
0000000000000000111110000011111100010000
0000000000000000100110001010111100010001
0000000000000001100001001000111101111101
0000000000000001000001000010111110000000
0000000000000011000000000000111111000000
0000000000100010000000000000111111000001
0000000000100111000000000000011111100100
