1111111111111111111100000111100001111111
1111111111111111111100001110001111111111
1111111111111111111100111100111111111111
1011111111111111111100111111111111111111
1011111111111111111001111111001111111111
1011111111111111111000111110001111111111
1101111111111111111101111111101111111111
1101111111111111111011111111111111111111
1111111111111111111011111111111111111111
1111111111111111111100111111111111001111
1111111111111111111100111111111110011111
0000000000000000000000000000000000000000
0000000000000000000000000000000000000000
0000000000000000000000000000000000000000
0000000000000000000000000000000000000000
0000000000000000000000000000000000000000
0000000000000000000000000000000000000000
0000000000000000000000000000000000000000
0000000000000000000000000000000000000000
0000000000000000000000000000000000000000
0000000000000000000000000000000000000000
0000000000000000000000000000000000000000
0000000000000000000000000000000000000000
0000000000000000000000000000000000000000
0000000000000000000000000000000000000000
0000000000000000000000000000000000000000
0000000000000000000000000000000000000000
0000000000000000000000000000000000000000
0000000000000000000000000000000000000000
0000000000000000000000000000000000000000
0000000000000000000000000000000000000000
0000000000000000000000000000000000000000
0000000000000000000000000000000000000000
0000000000000000000000000000000000000000
0000000000000000000000000000000000000000
0000000000000000000000000000000000000000
0000000000000000000000000000000000000000
0000000000000000000000000000000000000000
0000000000000000000000000000000000000000
0000000000000000000000000000000000000000
0000000000000000000000000000000000000000
0000000000000000000000000000000000000000
0000000000000000000000000000000000000000
0000000000000000000000000000000000000000
0000000000000000000000000000000000000000
0000000000000000000010000000000000000000
0000000000000000000110000000000000000000
0000000000000000000110000000000000000000
0000000000000000011001000000000000000000
0000000000000001100001000000000000000000
0000000000000001100001000000000000000000
0000000000000110000001000000000000000000
0000000000000110000001000000000000000000
0000000000011000000001000000000000000000
0000000001100000000000100000000000000000
0000000001100000000000100000000000000000
0000000110000000000000100000000000000000
0000001000000000000000100000000000000000
0000011000000000000000100000000000000000
0000000000000000000000010000000000000000
0000000000000000000000010000000000000000
0000000110000000000000010000000000000000
0000000001100000000000010000000000000000
0000000001100000000000010000000000000000
0000000000011100000000001000000000000000
0000000000000011000000001000000000000000
0000000000000011000000001000000000000000
0000000000000000111000001000000000000000
0000000000000000111000001000000000000000
0000000000000000000111001000000000000000
0000000000000000000000110100000000000000
1100000000000000000000110100000000000000
0100000000000000000000001100000000000000
0100000000000000000000000000000000000000
0000000000000000000000000000000000000000
0000000000000000000000000000000000000000
0000000000000000000000000000000000000000
0000000000000000000000000000000000000000
0000000000000000000000000000000000000000
0000000000000000000000000000000000000000
0000000000000000000000000000000000000000
0000000000000000000000000000000000000000
0000000000000000000000000000000000000000
0000000000000000000010000000000000000000
0000000000000000000010000000000000000000
0000000000000000000011000000000000000000
0000000000000000000101000000000000000000
0000000000000000000101000000000000000000
0000000000000000011000100000000000000000
0000000000000000100000010000000000000000
0000000000000000100000010000000000000000
0000000000000001000000010000000000000000
0000000000000001000000010000000000000000
0000000000000110000000001000000000000000
0000000000001000000000000100000000000000
0000000000001000000000000100000000000000
0000000000010000000000000010000000000000
0000000000100000000000000010000000000000
0000000001100000000000000010000000000000
0000000010000000000000000001000000000000
0000000010000000000000000001000000000000
0000000110000000000000000000100000000000
0000000001000000000000000000110000000000
0000000001000000000000000000110000000000
0000000000100000000000000000110000000000
0000000000010000000000000001000000000000
0000000000010000000000000001000000000000
0000000000010000000000000010000000000000
0000000000010000000000000010000000000000
0000000000001000000000000100000000000000
0000000000000100000000001000000000000000
0000000000000100000000001000000000000000
0000000000000010000000010000000000000000
0000000000000001000000100000000000000000
0000000000000001000000100000000000000000
0000000000000000100001000000000000000000
0000000000000000100001000000000000000000
0000000000000000100010000000000000000000
0000000000000000010100000000000000000000
0000000000000000010100000000000000000000
0000000000000000001000000000000000000000
0000000000000000000000000000000000000000
0000000000000000000000000000000000000000
0000000000000000000000000000000000000000
0000000000000000000000000000000000000000
0000000000000000000000000000000000000000
0000000000000000000000000000000000000000
0000000000000000000000000000000000000000
0000000000000000000000000000000000000000
0000000000000000000000000000000000000000
0000000000000000000000000000000000000000
0000000000000000000000000000000000000000
0000000000000000000000000000000000000000
0000000000000000000000000000000000000000
0000000000000000000000000000000000000000
0000000000000000000000000000000000000000
0000000000000000000000000000000000000000
0000000000000000000000000000000000000000
0000000000000000000000000000000000000000
0000000000000000000000000000000000000000
0000000000000000000000000000000000000000
0000000000000000000000000000000000000000
0000000000000000000000000000000000000000
0000000000000000000000000000000000000000
0000000000000000000000000000000000000000
0000000000000000000000000000000000000000
0000000000000000000000000000000000000000
0000000000000000000000000000000000000000
0000000000000000000000000000000000000000
0000000000000000000000000000000000000000
0000000000000000000000000000000000000000
0000000000000000000000000000000000000000
0000000000000000000000000000000000000000
0000000000000000000000000000000000000000
0000000000000000000000000000000000000000
0000000000000000000000000000000000000000
0000000000000000000000000000000000000000
0000000000000000000000000000000000000000
0000000000000000000000000000000000000000
0000000000000000000000000000000000000000
0000000000000000000000000000000000000000
0000000000000000000000000000000000000000
0000000000000000000000000000000000000000
0000000000000000000000000000000000000000
0000000000000000000000000000000000000000
0000000000000000000000000000000000000000
0000000000000000000000000000000000000000
0000000000000000000000000000000000000000
0000000000000000000000000000000000000000
0000000000000000000000000000000000000000
0000000000000000000000000000000000000000
0000000000010000000000000000000000000000
0000000000010000000000000000000000000000
0000000001001000000000000000000000000000
0000000001000100000000000000000000000000
0000000001000100000000000000000000000000
0000000001000010000000000000000000000000
0000000001000001000000000000000000000000
0000000001000001000000000000000000000000
0000000001000000100000000000000000000000
0000000001000000100000000000000000000000
0000000001000000011000000000000000000000
0000000001000000000100000000000000000000
0000000001000000000100000000000000000000
0000000001000000000010000000000000000000
0000000001000000000001000000000000000000
0000000001000000000001000000000000000000
0000000001000000000000100000000000000000
0000000001000000000000100000000000000000
0000000001000000000000010000000000000000
0000000010000000000000001000000000000000
0000000010000000000000001000000000000000
0000000010000000000000001000000000000000
0000000010000000000000110000000000000000
0000000010000000000000110000000000000000
0000000010000000000011000000000000000000
0000000010000000000011000000000000000000
0000000010000000000100000000000000000000
0000000010000000011000000000000000000000
0000000010000000011000000000000000000000
0000000010000000100000000000000000000000
0000000010000011000000000000000000000000
0000000010000011000000000000000000000000
0000000010001100000000000000000000000000
0000000010001100000000000000000000000000
0000000010010000000000000000000000000000
0000000011100000000000000000000000000000
0000000011100000000000000000000000000000
0000000010000000000000000000000000000000
0000000000000000000000000000000000000000
0000000000000000000000000000000000000000
0000000000000000000000000000000000000000
0000000000000000000000000000000000000000
0000000000000000000000000000000000000000
0000000000000000000000000000000000000000
0000000000000000000000000000000000000000
0000000000000000000000000000000000000000
0000000000000000000000000000000000000000
0000000000000000000000000000000000000000
0000000000000000000000000000000000000000
0000000000000000000000000000000000000000
0000000000000000000000000000000000000000
0000000000000000000000000000000000000000
0000000000000000000000000000000000000000
0000000000000000000000000000000000000000
0000000000000000000000000000000000000000
0000000000000000000000000000000000000000
0000000000000000000000000000000000000000
0000000000000000000000000000000000000000
0000000000000000000000000000000000000000
0000000000000000000000000000000000000000
0000000000000000000000000000000000000000
0000000000000000000000000000000000000000
0000000000000000000000000000000000000000
0000000000000000000000000000000000000000
0000000000000000000000000000000000000000
0000000000000000000000000000000000000000
0000000000000000000000000000000000000000
0000000000000000000000000000000000000000
0000000000000000000000000000000000000000
0000000000000000000000000000000000000000
0000000000000000000000000000000000000000
0000000000000000000000000000000000000000
0000000000000000000000000000000000000000
0000000000000000000000000000000000000000
0000000000000000000000000000000000000000
0000000000000000000000000000000000000000
0000000000000000000000000000000000000000
0000000000000000000000000000000000000000
0000000000000000000000000000000000000000
0000000000000000000000000000000000000000
0000000000000000000110000000001111111000
0000000000000000000010000000001111110001
0000000000000000000000000000001101110000
0000000000000000001000000000011101110000
0000000000000000001000000000011111110000
0000000000000000001000000000110110111110
0000000000000000000000001000110110011000
0000000000000000010100001000110010011000
0000000000000000010100000000110000010000
0000000000000000011110000001110000000010
0000000000000000011011100011110000011101
0000000000000000111000000111111100010000
0000000000000000111110000011111100010000
0000000000000000100110001010111100010001
0000000000000001100001001000111101111101
0000000000000001000001000010111110000000
0000000000000011000000000000111111000000
0000000000100010000000000000111111000001
0000000000100111000000000000011111100100
