1111111111111111111110000011110000111111
1111111111111111111110000111000111111111
1111111111111111111110011110011111111111
1101111111111111111110011111111111111111
1101111111111111111100111111100111111111
1101111111111111111100011111000111111111
0110111111111111111110111111110111111111
0000000000000000000000000000000000000000
0000000000000000000000000000000000000000
0000000000000000000000000000000000000000
0000000000000000000000000000000000000000
0000000000000000000000000000000000000000
0000000000000000000000000000000000000000
0000000000000000000000000000000000000000
0000000000000000000000000000000000000000
0000000000000000000000000000000000000000
0000000000000000000000000000000000000000
0000000000000000000000000000000000000000
0000000000000000000000000000000000000000
0000000000000000000000000000000000000000
0000000000000000000000000000000000000000
0000000000000000000000000000000000000000
0000000000000000000000000000000000000000
0000000000000000000000000000000000000000
0000000000000000000000000000000000000000
0000000000000000000000000000000000000000
0000000000000000000000000000000000000000
0000000000000000000000000000000000000000
0000000000000000000000000000000000000000
0000000000000000000000000000000000000000
0000000000000000000000000000000000000000
0000001000000000000000000000000000000000
0000001000000000000000000000000000000000
0000001000000000000000000000000000000000
0000111111110000000000000000000000000000
0000111111110000000000000000000000000000
0000010000001111111100000000000000000000
0000010000000000000100000000000000000000
0000010000000000000100000000000000000000
0000010000000000000100000000000000000000
0000010000000000000100000000000000000000
0000010000000000001000000000000000000000
0000010000000000001000000000000000000000
0000010000000000001000000000000000000000
1000100000000000001000000000000000000000
1000100000000000001000000000000000000000
1000100000000000001000000000000000000000
1000100000000000010000000000000000000000
0000100000000000010000000000000000000000
0000100000000000010000000000000000000000
0000100000000000010000000000000000000000
1000100000000000010000000000000000000000
1000100000000000010000000000000000000000
1001100000000000010000000000000000000000
1001100000000000010000000000000000000000
1001011110000000100000000000000000000000
1001010010000000100000000000000000000000
0001000001110000100000000000000000000000
1000000000001111100000000000000000000000
1000000000001111100000000000000000000000
1000000000000000110000000000000000000000
0000000000000000000000000000000000000000
0000000000000000000000000000000000000000
0000001000000000000000000000000000000000
0000001000000000000000000000000000000000
1000001110000000000000000000000000000000
1000001001100000000000000000000000000000
1110001001100000000000000000000000000000
1010000100011000000000000000000000000000
0010000100000110000000000000000000000000
0000000100000110000000000000000000000000
0000000100000001100000000000000000000000
0000000100000001100000000000000000000000
1000000100000000011000000000000000000000
1000000100000000000110000000000000000000
1000000100000000000110000000000000000000
1000000100000000000001100000000000000000
0000000010000000000000011000000000000000
0000000010000000000000011000000000000000
0000000010000000000000000110000000000000
1000000010000000000000000110000000000000
1000000010000000000000000001100000000000
1000000010000000000000000000000000000000
1000000010000000000000000000000000000000
1000000010000000000000000001000000000000
0000000010000000000000000010000000000000
0000000010000000000000000010000000000000
1000000001000000000000000100000000000000
1000000001000000000000000100000000000000
1000000001000000000000001000000000000000
1000000001000000000000010000000000000000
1000000001000000000000010000000000000000
1000000001000000000000100000000000000000
0000000001000000000000000000000000000000
0000000001000000000001000000000000000000
0000000001000000000010000000000000000000
0000000001000000000010000000000000000000
0000000000100000000100000000000000000000
0000000000100000000100000000000000000000
0000000000100000000100000000000000000000
1000000000100000001000000000000000000000
1000000000100000010000000000000000000000
1000000000100000010000000000000000000000
1000000000100000100000000000000000000000
0000000000100000100000000000000000000000
0000000000100001000000000000000000000000
0000000000010010000000000000000000000000
0000000000010010000000000000000000000000
1000000000010100000000000000000000000000
1000000000011000000000000000000000000000
1000000000011000000000000000000000000000
1000000000010000000000000000000000000000
0000000000010000000000000000000000000000
0000000000000000000000000000000000000000
0000000000000000000000000000000000000000
1000000000000000000000000000000000000000
0000000000000000000000000000000000000000
0000000000000000000000000000000000000000
0000000000000000000000000000000000000000
0000000000000000000000000000000000000000
1000000000000000000000000000000000000000
1000000000000000000000000000000000000000
0000000000000000000000000000000000000000
0000000000000000000000000000000000000000
0000000000000000000000000000000000000000
0000000000000000000000000000000000000000
0000000000000000000000000000000000000000
0000000000000000000000000000000000000000
1000000000000000000000000000000000000000
1000000000000000000000000000000000000000
1000000000000000000000000000000000000000
1000000000000000000000000000000000000000
1000000000000000000000000000000000000000
1000000000000000000000000000000000000000
0000000000000000000000000000000000000000
1000000000000000000000000000000000000000
1000000000000000000000000000000000000000
1000000000000000000000000000000000000000
1000000000000000000000000000000000000000
1000000000000000000000000000000000000000
0000000000000000000000000000000000000000
0000000000000000000000000000000000000000
0000000000000000000000000000000000000000
0000000000000000000000000000000000000000
0000000000000000000000000000000000000000
0000000000000000000000000000000000000000
0000000000000000000000000000000000000000
1000000000000000000000000000000000000000
0000000000000000000000000000000000000000
0000000000000000000000000000000000000000
0000000000000000000000000000000000000000
0000000000000000000000000000000000000000
1000000000000000000000000000000000000000
1000000000000000000000000000000000000000
0000000000000000000000000000000000000000
1000000000000000000000000000000000000000
1000000000000000000000000000000000000000
1000000000000000000000000000000000000000
1000000000000000000000000000000000000000
1000000000000000000000000000000000000000
0000000000000000000000000000000000000000
0000000000000000000000000000000000000000
0000000000000000000000000000000000000000
0000000000000000000000000000000000000000
1000000000000000000000000000000000000000
1000000000000000000000000000000000000000
1000000000000000000000000000000000000000
1000000000000000000000000000000000000000
0000000000000000000000000000000000000000
0000000000000000000000000000000000000000
0000000000000000000000000000000000000000
0000000000000000000000000000000000000000
1000000000000000000000000000000000000000
0000000000000000000000000000000000000000
0000000000000000000000000000000000000000
1000000000000000000000000000000000000000
0000000000000000000000000000000000000000
0000000000000000000000000000000000000000
0000000000000000000000000000000000000000
0000000000000000000000000000000000000000
0000000000000000000000000010000000000000
0000000000000000000000001100000000000000
1000000000000000000000001100000000000000
0000000000000000000000010100000000000000
1000000000000000000000010100000000000000
0000000000000000000000100100000000000000
0000000000000000000011000100000000000000
0000000000000000000011000100000000000000
1000000000000000000100000100000000000000
1000000000000000011000000100000000000000
0000000000000000011000000100000000000000
0000000000000000100000000100000000000000
0000000000000000100000000100000000000000
0000000000000001000000000100000000000000
1000000000000110000000000100000000000000
1000000000000110000000000100000000000000
1000000000001000000000001000000000000000
1000000000010000000000001000000000000000
1000000000010000000000001000000000000000
0000000001100000000000001000000000000000
0000000001100000000000001000000000000000
1000000011000000011000001000000000000000
1000000000110001100000001000000000000000
1000000000110001100000001000000000000000
1000000000001110001000001000000000000000
1000000000011001101000001000000000000000
1000000000011001101000001000000000000000
0000000001100000011100001000000000000000
1000000101100000011100001000000000000000
1000000110000000001011000000000000000000
1000001000000000001000110000000000000000
1000001000000000001000110000000000000000
1000000010000000001000000000000000000000
0000000001100000001000000000000000000000
0000000001100000001000000000000000000000
0000000000010000000100000000000000000000
0000000000010000000100000000000000000000
0000000000001000000100000000000000000000
0000000000000110000100000000000000000000
0000000000000110000100000000000000000000
0000000000000001000100000000000000000000
0000000000000000100100000000000000000000
0000000000000000100100000000000000000000
0000000000000000011100000000000000000000
0000000000000000011100000000000000000000
0000000000000000000100000000000000000000
0000000000000000000000000000000000000000
0000000000000000000000000000000000000000
0000000000000000000000000000000000000000
0000000000000000000000000000000000000000
0000000000000000000000000000000000000000
0000000000000000000000000000000000000000
0000000000000000000000000000000000000000
0000000000000000000000000000000000000000
0000000000000000000000000000000000000000
0000000000000000000000000000000000000000
0000000000000000000000000000000000000000
0000000000000000000000000000000000000000
0000000000000000000000000000000000000000
0000000000000000000000000000000000000000
0000000000000000000000000000000000000000
0000000000000000000000000000000000000000
0000000000000000000000000000000000000000
0000000000000000000000000000000000000000
0000000000000000000000000000000000000000
0000000000000000000000000000000000000000
0000000000000000000000000000000000000000
1011101100000000000011001001000111011111
1110001100000000000011000000000111011101
1100000000000000000111000000000111111001
1000000000000000000111000000000111111101
0000000000000000000011000000000111111100
0000000000000000000001000000000111111000
0000000000000000000000000000000110111000
0000000000000000000100000000001110111000
0000000000000000000100000000001111111000
0000000000000000000100000000011011011111
0000000000000000000000000100011011001100
0000000000000000001010000100011001001100
1000000000000000001010000000011000001000
1000000000000000001111000000111000000001
0000000000000000001101110001111000001110
0000000000000000011100000011111110001000
0000000000000000011111000001111110001000
0000000000000000010011000101011110001000
0000000000000000110000100100011110111110
0000000000000000100000100001011111000000
0000000000000001100000000000011111100000
0000000000010001000000000000011111100000
0000000000010011100000000000001111110010
