1111111111111111111110000011110000111111
1111111111111111111110000111000111111111
1111111111111111111110011110011111111111
1101111111111111111110011111111111111111
1101111111111111111100111111100111111111
1101111111111111111100011111000111101111
0110111111111111111110111111110111101111
0000000000000000000000000000000000000000
0000000000000000000000000000000000000000
0000000000000000000000000000000000000000
0000000000000000000000000000000000000000
0000000000000000000000000000000000000000
0000000000000000000000000000000000000000
0000000000000000000000000000000000000000
0000000000000000000000000000000000000000
0000000000000000000000000000000000000000
0000000000000000000000000000000000000000
0000000000000000000000000000000000000000
0000000000000000000000000000000000000000
0000000000000000000000000000000000000000
0000000000000000000000000000000000000000
0000000000000000000000000000000000000000
0000000000000000000000000000000000000000
0000000000000000000000000000000000000000
0000000000000000000000000000000000000000
0000000000000000000000000000000000000000
0000000000000000000000000000000000000000
0000000000000000000000000000000000000000
0000000000000000000000000000000000000000
0000000000000000000000000000000000000000
0000000000000000000000000000000000000000
0000000000000000000000000000000000000000
0000000000000000000000000000000000000000
0000000000000000000000000000000000000000
0000000000000000000000000000000000000000
0000000000000000000000000000000000000000
0000000000000000000000000000000000000000
0000000000000000000000000000000000000000
0000000000000000000000000000000000000000
0000000000000000000000000000000000000000
0000000000000000000000000000000000000000
0000000000000000000000000000000000000000
0000000000000000000000000000000000000000
0000000000000000000000000000000000000000
1000000000100000000000000000000000000000
1000000000110000000000000000000000000000
1000000000110000000000000000000000000000
1000000000101000000000000000000000000000
0000000000101000000000000000000000000000
0000000000100100000000000000000000000000
0000000000100010000000000000000000000000
1000000000100010000000000000000000000000
1000000000100001000000000000000000000000
1000000000100000100000000000000000000000
1000000000100000100000000000000000000000
1000000000100000010000000000000000000000
1000000000100000010000000000000000000000
0000000001000000010000000000000000000000
1000000001000000001000000000000000000000
1000000001000000001000000000000000000000
1000000001000000000100000000000000000000
0000000001000000000010000000000000000000
0000000001000000000010000000000000000000
0000000001000000000001110000000000000000
0000000001000000000001110000000000000000
1000000001000000011110100000000000000000
1000000001000111100000010000000000000000
1110000001000111100000010000000000000000
1010000001111000001100000000000000000000
0010000110000001110010000000000000000000
0000000110000001110010000000000000000000
0000000000001110000100000000000000000000
0000000000001110000100000000000000000000
1000000000110000000100000000000000000000
1000000111000000001000000000000000000000
1000000111000000001000000000000000000000
1000111000000000001000000000000000000000
0011000000000000010000000000000000000000
0011000000000000010000000000000000000000
0001000000000000010000000000000000000000
1001000000000000010000000000000000000000
1000110000000000100000000000000000000000
1000001000000000100000000000000000000000
1000001000000000100000000000000000000000
1000000100000001000000000000000000000000
0000000011000001000000000000000000000000
0000000011000001000000000000000000000000
1000000000100010000000000000000000000000
1000000000100010000000000000000000000000
1000000000010010000000000000000000000000
1000000000001100000000000000000000000000
1000000000001100000000000000000000000000
1000000000000110000000000000000000000000
0000000000000000000000000000000000000000
0000000000000000000000000000000000000000
0000000000000000000000000000000000000000
0000000000000000000000000000000000000000
0000000000000000000000000000000000000000
0000000000000000000000000000000000000000
0000000000000000000000000000000000000000
1000000000000000000000000000000000000000
1000000000000000000000000000000000000000
1000000000000000000000000000000000000000
1000000000000000000000000000000000000000
0000000000000000000000000000000000000000
0000000000000000000000000000000000000000
0000000000000000000000000000000000000000
0000000000000000000000000000000000000000
1000000000000000000000000000000000000000
1000000000000000000000000000000000000000
1000000000000000000000000000000000000000
1000000000000000000000000000000000000000
0000000000000000000000000000000000000000
0000000000000000000000000000000000000000
0000000000000100000000000000000000000000
1000000000000100000000000000000000000000
0000000000000011000000000000000000000000
0000000000000001000000000000000000000000
0000000000000001000000000000000000000000
0000000000000011000000000000000000000000
1000000000000011000000000000000000000000
1000000000000010100000000000000000000000
0000000000000100010000000000000000000000
0000000000000100010000000000000000000000
0000000000000100001000000000000000000000
0000000000000100001000000000000000000000
0000000000000100001000000000000000000000
0000000000001000000100000000000000000000
1000000000001000000100000000000000000000
1000000000001000000010000000000000000000
1000000000010000000001000000000000000000
1000000000010000000001000000000000000000
1000000000010000000001000000000000000000
1000000000010000000000100000000000000000
0000000000010000000000100000000000000000
1000000000100000000001110000000000000000
1000000000100000000001110000000000000000
1000000000100000000110000000000000000000
1000000000100000011000000000000000000000
1000000000100000011000000000000000000000
0000000001000011100000000000000000000000
0000000001001100000000000000000000000000
0000000001001100000000000000000000000000
0000000010110000000000000000000000000000
0000000010110000000000000000000000000000
0000000011000000000000000000000000000000
0000000000000000000000000000000000000000
1000000000000000000000000000000000000000
0000000000000000000000000000000000000000
0000000000000000000000000000000000000000
0000000000000000000000000000000000000000
0000000000000000000000000000000000000000
1000000000000000000000000000000000000000
1000000000000000000000000000000000000000
0000000000000000000000000000000000000000
1000000000000000000000000000000000000000
1000000000000000000000000000000000000000
1000000000000000000000000000000000000000
1000000000000000000000000000000000000000
1000000000000000000000000000000000000000
0000000000000000000000000000000000000000
0000000000000000000000000000000000000000
0000000000000000000000000000000000000000
0000000000000000000000000000000000000000
1000000000000000000000000000000000000000
1000000000000000000000000000000000000000
1000000000000000000000000000000000000000
1000000000000000000000000000000000000000
0000000000000000000000000000000000000000
0000000000000000000000000000000000000000
0000000000000000000000000000000000000000
0000000000000000000000000000000000000000
1000000000000000000000000000000000000000
0000000000000000000000000000000000000000
0000000000000000000000000000000000000000
1000000000000000000000000000000000000000
0000000000000000000000000000000000000000
0000000000000000000000000000000000000000
0000000000000000000000000000000000000000
0000000000000000000000000000000000000000
0000000000000000000000000000000000000000
0000000000000000000000000000000000000000
1000000000000000000000000000000000000000
0000000000000000000000000000000000000000
1000000000000000000000000000000000000000
0000000000000000000000000000000000000000
0000000000000000000000000000000000000000
0000000000000000000000000000000000000000
1000000000000000000000000000000000000000
1000000000000000000000000000000000000000
0000000000000000000000000000000000000000
0000000000000000000000000000000000000000
0000000000000000000000000000000000000000
0000000000000000000000000000000000000000
1000000000000000000000000000000000000000
1000000000000000000000000000000000000000
1000000000000000000000000000000000000000
1000000000000000000000000000000000000000
1000000000000000000000000000000000000000
0000000000000000000000001000000000000000
0000000000000000000000001000000000000000
1000000000000000000000000100000000000000
1000000000000000000001100100000000000000
1000000000000000000001100100000000000000
1000000000000000001110000010000000000000
1000000000000001110000000010000000000000
1000000000000001110000000010000000000000
0000000000001110000000000001000000000000
1000000000001110000000000001000000000000
1000000000110000000000000001000000000000
1000000000100000000000000000100000000000
1000000000100000000000000000100000000000
1000000000010000000000000000100000000000
0000000000010000000000000000010000000000
0000000000010000000000000000010000000000
0000000000001000000000000000010000000000
0000000000001000000000000000010000000000
0000000000001000000000000000001000000000
0000000000000100000000000000001000000000
0000000000000100000000000000001000000000
0000000000000100000000000000000000000000
0000000000000100000000000000011000000000
0000000000000100000000000000011000000000
0000000000000010000000000001100000000000
0000000000000010000000000001100000000000
0000000000000010000000001110000000000000
0000000000000001000000110000000000000000
0000000000000001000000110000000000000000
0000000000000001000111000000000000000000
0000000000000000111000000000000000000000
0000000000000000111000000000000000000000
0000000000000001100000000000000000000000
0000000000000001100000000000000000000000
0000000000000000000000000000000000000000
0000000000000000000000000000000000000000
0000000000000000000000000000000000000000
0000000000000000000000000000000000000000
0000000000000000000000000000000000000000
0000000000000000000000000000000000000000
0000000000000000000000000000000000000000
0000000000000000000000000000000000000000
0000000000000000000000000000000000000000
0000000000000000000000000000000000000000
0000000000000000000000000000000000000000
0000000000000000000000000000000000000000
0000000000000000000000000000000000000000
0000000000000000000000000000000000000000
1011101100000000000011001001000111011111
1110001100000000000011000000000111011101
1100000000000000000111000000000111111001
1000000000000000000111000000000111111101
0000000000000000000011000000000111111100
0000000000000000000001000000000111111000
0000000000000000000000000000000110111000
0000000000000000000100000000001110111000
0000000000000000000100000000001111111000
0000000000000000000100000000011011011111
0000000000000000000000000100011011001100
0000000000000000001010000100011001001100
1000000000000000001010000000011000001000
1000000000000000001111000000111000000001
0000000000000000001101110001111000001110
0000000000000000011100000011111110001000
0000000000000000011111000001111110001000
0000000000000000010011000101011110001000
0000000000000000110000100100011110111110
0000000000000000100000100001011111000000
0000000000000001100000000000011111100000
0000000000010001000000000000011111100000
0000000000010011100000000000001111110010
