1111111111111111111110000011110000111111
1111111111111111111110000111000111111111
1111111111111111111110011110011111111111
1101111111111111111110011111111111111111
1101111111111111111100111111100111111111
1101111111111111111100011111000111111111
0110111111111111111110111111110111111110
0000000000000000000000000000000000000000
0000000000000000000000000000000000000000
0000000000000000000000000000000000000000
0000000000000000000000000000000000000000
0000000000000000000000000000000000000000
0000000000000000000000000000000000000000
0000000000000000000000000000000000000000
0000000000000000000000000000000000000000
0000000000000000000000000000000000000000
0000000000000000000000000000000000000000
0000000000000000000000000000000000000000
0000000000000100000000000000000000000000
0000000000000100000000000000000000000000
0000000000001100000000000000000000000000
0000000000010100000000000000000000000000
0000000000010100000000000000000000000000
0000000000100100000000000000000000000000
0000000000100100000000000000000000000000
0000000001000100000000000000000000000000
0000000010000100000000000000000000000000
0000000010000100000000000000000000000000
0000000100000100000000000000000000000000
0000000100000010000000000000000000000000
0000000100000010000000000000000000000000
0000001000000010000000000000000000000000
0000001000000010000000000000000000000000
0000010000000010000000000000000000000000
0000100000000010000000000000000000000000
0000100000000010000000000000000000000000
0001000000000010000000000000000000000000
0010000000000010000000000000000000000000
0010000000000010000000000000000000000000
0100000000000010000000000000000000000000
0100000000000010000000000000000000000000
0000000000000010000000000000000000000000
0100000000000010100000000000000000000000
0100000000000010100000000000000000000000
1011000000000110100000000000000000000000
1000100000011010010000000000000000000000
1000100000011010010000000000000000000000
1000011000100010010000000000000000000000
0000011000100010010000000000000000000000
0000000101000010001000000000000000000000
0000000111000001001000000000000000000000
1000000111000001001000000000000000000000
1000001000100001001000000000000000000000
1000010000001001000100000000000000000000
1000010000011001000100000000000000000000
1001100000000101000100000000000000000000
1001100000000101000100000000000000000000
0110000000000011000010000000000000000000
1101110000000001100010000000000000000000
1101110000000001100010000000000000000000
1000001100000001000001000000000000000000
0000000011100000000001000000000000000000
0000000011100000000001000000000000000000
0000000000011100000001000000000000000000
0000000000011100000001000000000000000000
1000000000000011100000100000000000000000
1000000000000000011000100000000000000000
1110000000000000011000100000000000000000
1010000000000000000111010000000000000000
0010000000000000000000110000000000000000
0000000000000000000000110000000000000000
0000000000000000000000000000000000000000
0000000000000000000000000000000000000000
1000000000000000000000000000000000000000
1000000000000000000000000000000000000000
1000000000000000000000000000000000000000
1000000000000000000000000000000000000000
0000000000000000000000000000000000000000
0000000000000000000000000000000000000000
0000000000000000000000000000000000000000
1000000000000000000000000000000000000000
1000000000000000000000000000000000000000
1000000000000000000000000000000000000000
1000000000000000000000000000000000000000
1000000000000000000000000000000000000000
0000000000000000000000000000000000000000
0000000000000000000000000000000000000000
1000000000000000000000000000000000000000
1000000000000000000000000000000000000000
1000000000000000000000000000000000000000
1000000000000000000000000000000000000000
1000000000000000000000000000000000000000
1000000000000000000000000000000000000000
0000000000000000000000000000000000000000
0000000000000000000000000000000000000000
0000000000000000000000000000000000000000
0000000000000000000000000000000000000000
0000000000000000000000000000000000000000
0000000000000000000000000000000000000000
0000000000000000000000000000000000000000
1000000000000000000000000000000000000000
1000000000000000000000000000000000000000
1000000000000000000000000000000000000000
1000000000000000000000000000000000000000
0000000000000000000000000000000000000000
0000000000000000000000001000000000000000
0000000111111111111111111000000000000000
0000000111111111111111111000000000000000
1000000010000000000000100000000000000000
1000000001000000000001000000000000000000
1000000001000000000001000000000000000000
1000000000100000000010000000000000000000
0000000000100000000000000000000000000000
0000000000010000000100000000000000000000
0000000000001000000100000000000000000000
1000000000001000000100000000000000000000
0000000000001000001000000000000000000000
0000000000000100010000000000000000000000
0000000000000100010000000000000000000000
0000000000000010100000000000000000000000
1000000000000010100000000000000000000000
1000000000000001000000000000000000000000
0000000000000010100000000000000000000000
0000000000000010100000000000000000000000
0000000000000000000000000000000000000000
0000000000000000000000000000000000000000
0000000000000000000000000000000000000000
0000000000000000000000000000000000000000
1000000000000000000000000000000000000000
1000000000000000000000000000000000000000
1000000000000000000000000000000000000000
1000000000000000000000000000000000000000
1000000000000000000000000000000000000000
1000000000000000000000000000000000000000
0000000000000000000000000000000000000000
1000000000000000000000000000000000000000
1000000000000000000000000000000000000000
1000000000000000000000000000000000000000
1000000000000000000000000000000000000000
1000000000000000000000000000000000000000
0000000000000000000000000000000000000000
0000000000000000000000000000000000000000
0000000000000000000000000000000000000000
0000000000000000000000000000000000000000
0000000000000000000000000000000000000000
0000000000000000000000000000000000000000
0000000000000000000000000000000000000000
1000000000000000000000000000000000000000
0000000000000000000000000000000000000000
0000000000000000000000000000000000000000
0000000000000000000000000000000000000000
0000000000000000000000000000000000000000
1000000000000000000000000000000000000000
1000000000000000000000000000000000000000
0000000000000000000000000000000000000000
1000000000000000000000000000000000000000
1000000000000000000000000000000000000000
1000000000000000000000000000000000000000
1000000000000000000000000000000000000000
1000000000000000000000000000000000000000
0000000000000000000000000000000000000000
0000000000000000000000000000000000000000
0000000000000000000000000000000000000000
0000000000000000000000000000000000000000
1000000000000000000000000000000000000000
1000000000000000000000000000000000000000
1000000000000000000000000000000000000000
1000000000000000000000000000000000000000
0000000000000000000000000000000000000000
0000000000000000000000000000000000000000
0000000000000000000000000000000000000000
0000000000000000000000000000000000000000
1000000000000000000000000000000000000000
0000000000000000000000000000000000000000
0000000000000000000000000000000000000000
1000000000000000000000000000000000000000
0000000000000000000000000000000000000000
0000000000000000000000000000000000000000
0000000001111111000000000000000000000000
0000000001111111000000000000000000000000
0000000000000000111111110000000000000000
0000000000100000000000000000000000000000
1000000000100000000000000000000000000000
0000000000100000000000010000000000000000
1000000000100000000000010000000000000000
0000000001000000000000010000000000000000
0000000001000000000000010000000000000000
0000000001000000000000010000000000000000
1000000001000000000000100000000000000000
1000000001000000000000100000000000000000
0000000001000000000000100000000000000000
0000000010000000000000100000000000000000
0000000010000000000000100000000000000000
0000000010000000000000100000000000000000
1000000010000000000001000000000000000000
1000000010000000000001000000000000000000
1000000010000000000001000000000000000000
1000000100000000000001000000000000000000
1000000100000000000001000000000000000000
0000000100000000000001000000000000000000
0000000100000000000001000000000000000000
1000000100000000000001000000000000000000
1000000111100000000010000000000000000000
1000000111100000000010000000000000000000
1000000000011111100010000000000000000000
1000000000000000011110000000000000000000
1000000000000000011110000000000000000000
0000000000000000000000000000000000000000
1000000000000000000000000000000000000000
1000000000000000000000000000000000000000
1000000000000000000000000000000000000000
1000000000000000000000000000000000000000
1000000000000000000000000000000000000000
0000000000000000000000000000000000000000
0000000000000000000000000000000000000000
0000000000000000000000000000000000000000
0000000000000000000000000000000000000000
0000000000000000000000000000000000000000
0000000000000000000000000000000000000000
0000000000000000000000000000000000000000
0000000000000000000000000000000000000000
0000000000000000000000000000000000000000
0000000000000000000000000000000000000000
0000000000000000000000000000000000000000
0000000000000000000000000000000000000000
0000000000000000000000000000000000000000
0000000000000000000000000000000000000000
0000000000000000000000000000000000000000
0000000000000000000000000000000000000000
0000000000000000000000000000000000000000
0000000000000000000000000000000000000000
0000000000000000000000000000000000000000
0000000000000000000000000000000000000000
0000000000000000000000000000000000000000
0000000000000000000000000000000000000000
0000000000000000000000000000000000000000
0000000000000000000000000000000000000000
0000000000000000000000000000000000000000
0000000000000000000000000000000000000000
0000000000000000000000000000000000000000
0000000000000000000000000000000000000000
0000000000000000000000000000000000000000
0000000000000000000000000000000000000000
0000000000000000000000000000000000000000
0000000000000000000000000000000000000000
0000000000000000000000000000000000000000
0000000000000000000000000000000000000000
1011101100000000000011001001000111011111
1110001100000000000011000000000111011101
1100000000000000000111000000000111111001
1000000000000000000111000000000111111101
0000000000000000000011000000000111111100
0000000000000000000001000000000111111000
0000000000000000000000000000000110111000
0000000000000000000100000000001110111000
0000000000000000000100000000001111111000
0000000000000000000100000000011011011111
0000000000000000000000000100011011001100
0000000000000000001010000100011001001100
1000000000000000001010000000011000001000
1000000000000000001111000000111000000001
0000000000000000001101110001111000001110
0000000000000000011100000011111110001000
0000000000000000011111000001111110001000
0000000000000000010011000101011110001000
0000000000000000110000100100011110111110
0000000000000000100000100001011111000000
0000000000000001100000000000011111100000
0000000000010001000000000000011111100000
0000000000010011100000000000001111110010
