0000000010000000000011111111111100000000
0000000001000000000000000000000000000000
0000000001000000000000000000000000000000
0000000000100000000000000000000000000000
0000000000100000000000000000000100000000
0000000000100000000000000000000100000000
0000000000010000000000000000000100000000
0000000000010000000000000000000100000000
0000000000001000000000000000001000000000
0000000000001000000000000000001000000000
0000000000001000000000000000001000000000
0000000000000100000000000000001000000000
0000000000000010000000000000010000000000
0000000000000010000000000000010000000000
0000000000000010000000000000010000000000
0000000000000010000000000000010000000000
0000000000000001000000000000010000000000
0000000000000000100000000000100000000000
0000000000000000100000000000100000000000
0000000000000000010000000000100000000000
0000000000000000010000000001000000000000
0000000000000000010000000001000000000000
0000000000000000001000000001000000000000
0000000000000000000000000001000000000000
0000000000000000000100000001000000000000
0000000000000000000100000010000000000000
1000000000000000000100000010000000000000
0100000000000000000010000010000000000000
0100000000000000000001000010000000000000
0100000000000000000001000010000000000000
0100000000000000000001000100000000000000
1000000000000000000001000100000000000000
0000000000000000000000100100000000000000
0000000000000000000000010100000000000000
1100000000000000000000010100000000000000
0100000000000000000000011000000000000000
0100000000000000000000001000000000000000
0100000000000000000000001000000000000000
0100000000000000000000000000000000000000
0100000000000000000000000000000000000000
0000000000000000000000000000000000000000
0100000000000000000000000000000000000000
1100000000000000000000000000000000000000
0100000000000000000000000000000000000000
0000000000000000000000000000000000000000
0000000000000000000000000000000000000000
0000000000000000000000000000000000000000
1000000000000000000000000000000000000000
0100000000000000000000000000000000000000
0100000000000000000000000000000000000000
0111000000000000000000000000000000000000
1101000000000000000000000000000000000000
1001000000000000000000000000000000000000
0000000000000000000000000000000000000000
0000000000000000000000000000000000000000
1000000000000000000000000000000000000000
1100000000000000000000000000000000000000
0100000000000000000000000000000000000000
0100000000000000000000000000000000000000
0100000000000000000000000000000000000000
1000000000000000000000000000000000000000
0000000000000000000000000000000000000000
0000000000000000000000000000000000000000
1100000000000000000000000000000000000000
0100000000000000000000000000000000000000
0100000000000000000000000000000000000000
0100000000000000000000000000000000000000
0100000000000000000000000000000000000000
0000000000000000000000000000000000000000
0000000000000000000000000000000000000000
1100000000000000000000000000000000000000
1100000000000000000000000000000000000000
0100000000000000000000000000000000000000
0100000000000000000000000000000000000000
0100000000000000000000000000000000000000
0100000000000000000000000000000000000000
0000000000000000000000000000000000000000
0000000000000000000000000000000000000000
0000000000000000000000000000000000000000
0000000000000000000000000000000000000000
0000000000000000000000000000000000000000
0000000000000000000000000000000000000000
0000000000000000000000000000000000000000
1100000000000000000000000000000000000000
0100000000000000000000000000000000000000
0100000000000000000000000000000000000000
0100000000000000000000000000000000000000
1000000000000000000000000000000000000000
0000000000000000000000000000000000000000
0000000000000000000000000000000000000000
1000000000000000000000000000000000000000
1100000000000000000000000000000000000000
0100000000000000000000000000000000000000
0100000000000000000000000000000000000000
0100000000000000000000000000000000000000
1000000000000000000000000000000000000000
0000000000000000000000000000000000000000
0000000000000000000000000000000000000000
1100000000000000000000000000000000000000
0000000000000000000000000000000000000000
0000000000000000000000000000000000000000
0000000000000000000000000000000000000000
1000000000000000000000000000000000000000
1100000000000000000000000000000000000000
0100000000000000000000000000000000000000
0000000000000000000000000000000000000000
0000000000000000000000000000000000000000
0000000000000000000000000000000000000000
0000000000000000000000000000000000000000
0000000000000000000000000000000000000000
0000000000000000000000000000000000000000
1100000000000000000000000000000000000000
0100000000000000000000000000000000000000
0100000000000000000000000000000000000000
0100000000000000000000000000000000000000
0100000000000000000000000000000000000000
0100000000000000000000000000000000000000
0000000000000000000000000000000000000000
1100000000000000000000000000000000000000
0100000000000000000000000000000000000000
0100000000000000000000000000000000000000
0100000000000000000000000000000000000000
0100000000000000000000000000000000000000
0000000000000000000000000000000000000000
0000000000000000000000000000000000000000
0000000000000000000000000000000000000000
0000001001000000000000000000000000000000
0000001001000000000000000000000000000000
0000001110110000000000000000000000000000
0000001001011000000000000000000000000000
1100001001011000000000000000000000000000
0000001000110110000000000000000000000000
0000000100111101000000000000000000000000
0000000100101101000000000000000000000000
1000000101000010110000000000000000000000
1100000101000010110000000000000000000000
0100000101000001101000000000000000000000
0000000110000000010110000000000000000000
1100000110000000010110000000000000000000
0100000110000000001101000000000000000000
0100000100000000000011110000000000000000
0100000100000000000011110000000000000000
0100000100000000000000101000000000000000
0000000100000000000000101000000000000000
0000001100000000000000111110000000000000
0000001010000000000111000111000000000000
1000001010000000000111000111000000000000
0100010010000001111000011100000000000000
0100010010001110000011100000000000000000
0100010010001110000011100000000000000000
0100100011110000011100000000000000000000
0000100011110000011100000000000000000000
0000100110000111100000000000000000000000
0001000000111000000000000000000000000000
0001000000111000000000000000000000000000
1101000111000000000000000000000000000000
0010111000000000000000000000000000000000
0010111000000000000000000000000000000000
0111000000000000000000000000000000000000
1011000000000000000000000000000000000000
0000000000000000000000000000000000000000
0000000000000000000000000000000000000000
0000000000000000000000000000000000000000
0000000000000000000000000000000000000000
1000000000000000000000000000000000000000
0100000000000000000000000000000000000000
0000000000000000000000000000000000000000
1100000000000000000000000000000000000000
0000000000000000000000000000000000000000
0000000000000000000000000000000000000000
0000000000000000000000000000000000000000
1100000000000000000000000000000000000000
1100000000000000000000000000000000000000
0000000000000000000000000000000000000000
0000000000000000000000000000000000000000
0000000000000000000000000000000000000000
1000000000000000000000000000000000000000
0100000000000000000000000000000000000000
0100000000000000000000000000000000000000
0100000000000000000000000000000000000000
0100000000000000000000000000000000000000
1100000000000000000000000000000000000000
0000000000000000000000000000000000000000
0000000000000000000000000000000000000000
1100000000000000000000000000000000000000
0100000000000000000000000000000000000000
0100000000000000000000000000000000000000
0100000000000000010000000000000000000000
0100000000000000011000000000000000000000
0100000000000000011000000000000000000000
0000000000000000100100000000000000000000
1100000000000000100100000000000000000000
0100000000000011000010000000000000000000
0100000000000100000001000000000000000000
0100000000000100000001000000000000000000
0100000000001000000000100000000000000000
0000000000010000000000010000000000000000
0000000000010000000000010000000000000000
0000000000100000000000001000000000000000
0000000000100000000000001000000000000000
0000000011000000000000000100000000000000
0000000100000000000000000010000000000000
0000000100000000000000000010000000000000
0000001000000000000000000001000000000000
0000001000000000000000000000100000000000
0000000000000000000000000000100000000000
0000001000000000000000000011000000000000
0000001000000000000000000011000000000000
0000000100000000000000000100000000000000
0000000010000000000000011000000000000000
0000000010000000000000011000000000000000
0000000001000000000000100000000000000000
0000000000100000000001000000000000000000
0000000000100000000001000000000000000000
0000000000010000000110000000000000000000
0000000000010000000110000000000000000000
0000000000001000001000000000000000000000
0000000000000100110000000000000000000000
0000000000000100110000000000000000000000
0000000000000011000000000000000000000000
0000000000000001000000000000000000000000
0000000000000001000000000000000000000000
0000000000000000100000000000000000000000
0000000000000000100000000000000000000000
0000000000000000000000000000000000000000
0000000000000000000000000000000000000000
0000000000000000000000000000000000000000
0000000000000000000000000000000000000000
0000000000000000000000000000000000000000
0000000000000000000000000000000000000000
1111111111111111111111111111111111111111
1111111111111111111111111111111111111111
1111111111111111111111111111111111111111
1111111111111111111111111111111111111111
1111111111111110111111111111111111111111
1111111111111100111111111111111111111111
1111111111111100001111111111111111111111
1111111111111000000111111111111111111111
1111111111110000000111111111111111111111
1111111111100000000111111111111111111111
1111111111100000000011111111111111111111
1111111110000000000011111111111111111111
1111111110000000000011111111111111111111
1111111110000000000011111111111111111111
1111111100000000000011111111111111111111
1001111000000000000011111111111111111111
1001111000000000000111111111111111111111
0000000000000000000111111111111111111111
0000000000000000000111111111111111111111
0000000000000000001111111111111111111111
0100110000000000001001111111111111111111
0010100000000000001000111111111111111111
0000000000000000000000111111111111111111
0000000000000000000000111111111111111111
0000000000000000000000111111111111111111
0000000000000000000000111111111111111111
0000000000000000000000011111111111111111
0000000000000000000000111111111111111111
0000000000000000000000111111111111111111
0000000000000000000000101111111111111111
0000000000000000000001101111111111111100
0000000000000000000001111111111111111100
0000000100000000000001111111111111111100
0000010000000000000000011111111111111111
0000000000000000000000001111111111111011
0000001000000000000000001111111111110000
0000000000000000000000001111111111111000
0000000000000000000000001111111111110001
0000000000000000000000001111111111110000
0000000000000000000000001111111111110000
