1111111111111111011100000000000000000000
1111111111110011111100000000000000000000
1111111111111011111100000000000000000000
1111111111111011111100000000000000000000
1111111111111111111100000000000000000000
0000000000000000000000000000000000000000
0000000000000000000000000000000000000000
0000000000000000000000000000000000000000
0000000000000000000000000000000000000000
0000000000000000000000000000000000000000
0000000000000000000000000000000000000000
0000000000000000000000000000000000000000
0000000000000000000000000000000000000000
0000000000000000000000000000000000000000
0000000000000000000000000000000000000000
0000000000000000000000000000000000000000
0000000000000000000000000000000000000000
0000000000000000000000000000000000000000
0000000000000000000000000000000000000000
0000000000000000000000000000000000000000
0000000000000000000000000000000000000000
0000000000000000000000000000000000000000
0000000000000000000000000000000000000000
0000000100000111111111000000000000000000
0000011111111000000000000000000000000000
0000011111111000000000000000000000000000
0000000100000000000100000000000000000000
0000001000000000000100000000000000000000
0000001000000000000100000000000000000000
0000001000000000000100000000000000000000
0000001000000000000100000000000000000000
0000001000000000001000000000000000000000
0000001000000000001000000000000000000000
0000001000000000001000000000000000000000
0000001000000000001000000000000000000000
0000010000000000001000000000000000000000
0000010000000000001000000000000000000000
0000010000000000001000000000000000000000
0000010000000000001000000000000000000000
0000010000000000010000000000000000000000
0000010000000000010000000000000000000000
0000010000000000010000000000000000000000
1000010000000000010000000000000000000000
1000100000000000010000000000000000000000
1000100000000000010000000000000000000000
1000100000000000010000000000000000000000
0000100000000000010000000000000000000000
0000111111100000100000000000000000000000
0000000000011111111000000000000000000000
1000000000011111111000000000000000000000
1000000000000000100000000000000000000000
1000000000000000000000000000000000000000
1000000000000000000000000000000000000000
1000000000000000000000000000000000000000
1000000000000000000000000000000000000000
0000000000000000000000000000000000000000
1000000000000000000000000000000000000000
1000000000000000000000000000000000000000
1000000000000000000000000000000000000000
0000000000000000000000000000000000000000
0000000000000000000000000000000000000000
0000000000000000000000000000000000000000
0000000000000000000000000000000000000000
1000000000000000000000000000000000000000
1000000000000000000000000000000000000000
1110000000000000000000000000000000000000
1010000000000000000000000000000000000000
0010000000000000000000000000000000000000
0000000000000000000000000000000000000000
0000000000000000000000000000000000000000
0000000000000000000000000000000000000000
1000000000000000000000000000000000000000
1000000000000000000000000000000000000000
1000000000000000000000000000000000000000
1000000000000000000000000000000000000000
0000000000000000000000000000000000000000
0000000000000000000000000000000000000000
0000000000000000000000000000000000000000
1000000000000000000000000000000000000000
1000000000000000000000000000000000000000
1000000000000000000000000000000000000000
1000000000000000000000000000000000000000
1000000000000000000000000000000000000000
0000000000000000000000000000000000000000
0000000000000000000000000000000000000000
1000000000000000000000000000000000000000
1000000000000000000000000000000000000000
1000000000000000000000000000000000000000
1000000000000000000000000000000000000000
1000000000000000000000000000000000000000
1000000000000000000000000000000000000000
0000000000000000000000000000000000000000
0000000000000000000000000000000000000000
0000000000000000000000000000000000000000
0000000000000000000000000000000000000000
0000000000000000000000000000000000000000
0000000000000000000000000000000000000000
0000000000000000000000000000000000000000
1000000000000000000000000000000000000000
1000000000000000000000000000000000000000
1000000000000000000000000000000000000000
1000000000000000001000000000000000000000
0000000000000000001000000000000000000000
0000000000000000000100000000000000000000
0000000000000000000100000000000000000000
0000000000000000000100000000000000000000
1000000000000000001010000000000000000000
1000000000000000001001000000000000000000
1000000000000000001001000000000000000000
1000000000000000001001000000000000000000
0000000000000000001000000000000000000000
0000000000101000010000100000000000000000
0000000000011000010000100000000000000000
1000000000011000010000100000000000000000
0000000000010100100000010000000000000000
0000000000000010100000001100000000000000
0000000000100010100000001100000000000000
0000000000100001100000011000000000000000
1000000000100001100000011000000000000000
1000000001000001010001100100000000000000
0000000010000001001110000000000000000000
0000000010000001001110000000000000000000
0000000010000001011110000000000000000000
0000000000000011100111000000000000000000
0000000100000011100111000000000000000000
0000000100000111111000000000000000000000
1000000100000111111000000000000000000000
1000001111111000000000000000000000000000
1000111000000000000000000000000000000000
1000111000000000000000000000000000000000
1000010000000000000000000000000000000000
1000000000000000000000000000000000000000
0000000000000000000000000000000000000000
1000000000000000000000000000000000000000
1000000000000000000000000000000000000000
1000000000000000000000000000000000000000
1000000000000000000000000000000000000000
1000000000000000000000000000000000000000
0000000000000000000000000000000000000000
0000000000000000000000000000000000000000
0000000000000000000000000000000000000000
0000000000000000000000000000000000000000
0000000000000000000000000000000000000000
0000000000000000000000000000000000000000
0000000000000000000000000000000000000000
1000000000000000000000000000000000000000
0000000000000000000000000000000000000000
0000000000000000000000000000000000000000
0000000000000000000000000000000000000000
0000000000000000000000000000000000000000
1000000000000000000000000000000000000000
1000000000000000000000000000000000000000
0000000000000000000000000000000000000000
1000000000000000000000000000000000000000
1000000000000000000000000000000000000000
1000000000000000000000000000000000000000
1000000000000000000000000000000000000000
1000000000000000000000000000000000000000
0000000000000000000000000000000000000000
0000000000000000000000000000000000000000
0000000000000000000000000000000000000000
0000000000000000000000000000000000000000
1000000000000000000010000000000000000000
1000000000000000000100000000000000000000
1000000000000000000100000000000000000000
1000000000000000000100000000000000000000
0000000000000000000100000000000000000000
0000000000000000001100000000000000000000
0000000000000000010010000000000000000000
0000000000000000010010000000000000000000
1000000000000000010010000000000000000000
0000000000000000100010000000000000000000
0000000000000000100010000000000000000000
1000000000000001000010000000000000000000
0000000000000001000010000000000000000000
0000000000000001000001000000000000000000
0000000000000010000001000000000000000000
0000000000000010000001000000000000000000
0000000000000100000001000000000000000000
0000000000000100000001000000000000000000
1000000000000100000001000000000000000000
0000000000001000000000100000000000000000
1000000000001000000000100000000000000000
0000000000010000000000100000000000000000
0000000000010000011111110000000000000000
0000000000010000011111110000000000000000
1000000000111111100000000000000000000000
1000000000000000000000000000000000000000
0000000000000000000000000000000000000000
0000000000000000000000000000000000000000
0000000000000000000000000000000000000000
0000000000000000000000000000000000000000
1000000000000000000000000000000000000000
1000000000000000000000000000000000000000
1000000000000000010000000000000000000000
1000000000000000110000000000000000000000
1000000000000000110000000000000000000000
0000000000000001010000000000000000000000
0000000000000001010000000000000000000000
1000000000000010010000000000000000000000
1000000000000100010000000000000000000000
1000000000000100010000000000000000000000
1000000000011000010000000000000000000000
1000000000100000010000000000000000000000
1000000000100000010000000000000000000000
0000000001000000010000000000000000000000
1000000001000000010000000000000000000000
1000000010000000010000000000000000000000
1000000100000000010000000000000000000000
1000000100000000010000000000000000000000
1000001000000000010000000000000000000000
0000010000000000010000000000000000000000
0000010000000000010000000000000000000000
0000000000000000010000000000000000000000
0000000000000000010000000000000000000000
0001100000000000010000000000000000000000
0000011000000000010000000000000000000000
0000011000000000010000000000000000000000
0000000110000000010000000000000000000000
0000000001100000010000000000000000000000
0000000001100000010000000000000000000000
0000000000011000010000000000000000000000
0000000000011000010000000000000000000000
0000000000000110010000000000000000000000
0000000000000001110000000000000000000000
0000000000000001110000000000000000000000
0000000000000000011000000000000000000000
0000000000000000000000000000000000000000
0000000000000000000000000000000000000000
0000000000000000000000000000000000000000
0000000000000000000000000000000000000000
0000000000000000000000000000000000000000
0000000000000000000000000000000000000000
0000000000000000000000000000000000000000
0000000000000000000000000000000000000000
0000000000000000000000000000000000000000
0000000000000000000000000000000000000000
0000000000000000000000000000000000000000
0000000000000000000000000000000000000000
0000000000000000000000000000000000000000
0000000000000000000000000000000000000000
0000000000000000000000000000000000000000
0000000000000000000000000000000000000000
0000000000000000000000000000000000000000
0000000000000000000000000000000000000000
0011110000000000001111111111111111111111
0000000000000000001111111111111111111111
0000000000000000001111111111111111111111
0000000000000000011111111111111111111111
1001100000000000010011111111111111111111
0101000000000000010001111111111111111111
0000000000000000000001111111111111111111
0000000000000000000001111111111111111111
0000000000000000000001111111111111111111
0000000000000000000001111111111111111111
0000000000000000000000111111111111111111
0000000000000000000001111111111111111111
0000000000000000000001111111111111111111
0000000000000000000001011111111111111111
0000000000000000000011011111111111111001
0000000000000000000011111111111111111001
0000001000000000000011111111111111111001
0000100000000000000000111111111111111111
0000000000000000000000011111111111110111
0000010000000000000000011111111111100001
0000000000000000000000011111111111110001
0000000000000000000000011111111111100011
0000000000000000000000011111111111100000
0000000000000000000000011111111111100000
0000000000000000000000011111111111110000
