1111111111111111011111111111111111111111
1111111111110011111111111111111111111111
1111111111111011111111111111111111111111
1111111111111011111111111111111111111111
1111111111111111111111111111111111111111
1111111111111111111111111111111111111111
1111111111110111111111111111011111111111
1111111111110111111111111111011111111111
1111111111110111111111111110000000001011
1111111111111111111111111100000000000011
1111111111111111111111111100000000000011
1111111111110001111011111110000000000011
1111111111110001111111111111000000000011
1111111111100000111111111111100000001111
1111111110000000111111111111100000011111
1111111000000000111111111111100000011111
1111100000000000011111111111100000011111
0000000000000000000000000000000000000000
0000000000000000000000000000000000000000
0000000000000000000000000000000000000000
0000000000000000000000000000000000000000
0000000000000000000000000000000000000000
0000000000000000000000000000000000000000
0000000000000000000000000000000000000000
0000000000000000000000000000000000000000
0000000000000000000000000000000000000000
0000000000000000000000000000000000000000
0000000000000000000000000000000000000000
0000000000000000000000000000000000000000
0000000000000000000000000000000000000000
0000000000000000000000000000000000000000
0000000000000000000000000000000000000000
0000000000000000000000000000000000000000
0000000000000000000000000000000000000000
0000000000000000000000000000000000000000
0000000000000000000000000000000000000000
0000000000000000000000000000000000000000
0000000000000000000000000000000000000000
0000000000000000000000000000000000000000
0000000000000000000000000000000000000000
0000000000000000000000000000000000000000
0000000000000000000000000000000000000000
0000000000000000000000000000000000000000
0000000000000000000000000000000000000000
0000000000000000000000000000000000000000
0000000000000000000000000000000000000000
0000000000000000000000000000000000000000
0000000000000000000000000000000000000000
0000000000000000000000000000000000000000
0000000000000000000000000000000000000000
0000000000000000000000000000000000000000
0000000000000000000000000000000000000000
0000000000000000000000000000000000000000
0000000000000000000000000000000000000000
1000000001110000000000000000000000000000
1000000001001110000000000000000000000000
1000000001001110000000000000000000000000
1000000010000001100000000000000000000000
0000000010000001100000000000000000000000
0000000010000000011100000000000000000000
0000000100000000000011100000000000000000
1000000100000000000011100000000000000000
1000000100000000000000011000000000000000
1000000100000000000000010000000000000000
1000000100000000000000010000000000000000
1000001000000000000000010000000000000000
1000001000000000000000010000000000000000
0000001000000000000000100000000000000000
1000001000000000000000100000000000000000
1000001000000000000000100000000000000000
1000010000000000000001000000000000000000
0000010000000000000001000000000000000000
0000010000000000000001000000000000000000
0000101000000000000010000000000000000000
0000101000000000000010000000000000000000
1000100110000000000010000000000000000000
1000000001000000000100000000000000000000
1110000001000000000100000000000000000000
1010000000110000000100000000000000000000
0010000000001100001000000000000000000000
0000000000001100001000000000000000000000
0000000000000010001000000000000000000000
0000000000000010001000000000000000000000
1000000000000001110000000000000000000000
1000000000000000010000000000000000000000
1000000000000000010000000000000000000000
1000000000000000000000000000000000000000
0000000000000000000000000000000000000000
0000000000000000000000000000000000000000
0000000000000000000000000000000000000000
1000000000000000000000000000000000000000
1000000000000000000000000000000000000000
1000000000000000000000000000000000000000
1000000000000000000000000000000000000000
1000000000000000000000000000000000000000
0000000000000000000000000000000000000000
0000000000000000000000000000000000000000
1000000000000000000000000000000000000000
1000000000000000000000000000000000000000
1000000000000000000000000000000000000000
1000000000000000000000000000000000000000
1000000000000000000000000000000000000000
1000000000000000000000000000000000000000
0000000000000000000000000000000000000000
0000000000000000000000000000000000000000
0000000000000000000000000000000000000000
0000000000000000000000000000000000000000
0000000000000000000000000000000000000000
0000000000000000000000000000000000000000
0000000000000000000000000000000000000000
1000000000000000000000000000000000000000
1000000000000000000000000000000000000000
1000000000000000000000000000000000000000
1000000000000000000000000000000000000000
0000000000000000000000000000000000000000
0000000000000000000000000000000000000000
0000000000000000000000000000000000000000
0000000000000000000000000000000000000000
1000000000000000000000000000000000000000
1000000000000000000000000000000000000000
1000000000000000000000000000000000000000
1000000000000000000000000000000000000000
0000000000000000000000000000000000000000
0000000000000000000000000000000000000000
0000000000000000000000000000000000000000
1000000000000000000000000000000000000000
0000000000000000000000000000000000000000
0000000000000000000000000000000000000000
0000000000000000000000000000000000000000
0000000000000000000000000000000000000000
1000000000000000000000000000000000000000
1000000000000000000000000000000000000000
0000000000000000000000000000000000000000
0000000000000000000000000000000000000000
0000000000000000000000000000000000000000
0000000000000000000000000000000000000000
0000000000000000000000000000000000000000
0000000000000000000000000000000000000000
1000000000000000000000000000000000000000
1000000000000000000000000000000000000000
1000000000000000000000000000000000000000
1000000000000000000000000000000000000000
1000000000000000000000000000000000000000
1000000000000000100000000000000000000000
0000000000000000100000000000000000000000
1000000000000010100000000000000000000000
1000000000000010100000000000000000000000
1000000000000100100000000000000000000000
1000000000001000100000000000000000000000
1000000000001000100000000000000000000000
0000000000001000100000000000000000000000
0000000000010000100000000000000000000000
0000000000010000100000000000000000000000
0000000000100000100000000000000000000000
0000000000100000100000000000000000000000
0000000001000000010000000000000000000000
0000000001000000010000000000000000000000
1000000001000000010000000000000000000000
0000000010000000010000000000000000000000
0000000100000000010000000000000000000000
0000000100000000010000000000000000000000
0000001000000000010000000000000000000000
1000001000000000010000000000000000000000
1000001000000000010000000000000000000000
0000011111110000010000000000000000000000
1000011111110000010000000000000000000000
1000000000001111111000000000000000000000
1000000000000000000000000000000000000000
1000000000000000000000000000000000000000
1000000000000000000000000000000000000000
0000000000000000000000000000000000000000
0000000000000000000000000000000000000000
0000000000000000000000000000000000000000
0000000000000000000000000000000000000000
1000000000010000000000000000000000000000
1000000001110000000000000000000000000000
1000000001110000000000000000000000000000
1000000000011111100001000000000000000000
0000000000011111100001000000000000000000
0000000000010000011111000000000000000000
0000000000010000001100111000000000000000
0000000000010000001100111000000000000000
1000000000100000110000110000000000000000
0000000000100001000000100000000000000000
0000000000100001000000100000000000000000
1000000000100110000001010000000000000000
0000000000100110000001010000000000000000
0000000000111000000010010000000000000000
0000000000100000000100010000000000000000
0000000000100000000100010000000000000000
0000000011100000001000001000000000000000
0000001100100000010000001000000000000000
1000001100100000010000001000000000000000
0000110000100000010000001000000000000000
1000110000100000010000001000000000000000
0000001111000000100000000100000000000000
0000000001110001000000000100000000000000
0000000001110001000000000100000000000000
1000000001001110000000000100000000000000
1000000001000101100000000010000000000000
0000000001000101100000000010000000000000
0000000001001000011100000010000000000000
0000000001001000011100000010000000000000
0000000000010000000011100010000000000000
1000000000000000000000011101000000000000
1000000000000000000000011101000000000000
1000000000000000000000000011000000000000
1000000000000000000000000000000000000000
1000000000000000000000000000000000000000
0000000000000000000000000000000000000000
0000000000000000000000000000000000000000
1000000000000000000000000000000000000000
1000000000000000000000000000000000000000
1000000000000000000000000000000000000000
1000000000000000000000000000000000000000
1000000000000000000000000000000000000000
1000000000000000000000000000000000000000
0000000000000000000000000000000000000000
1000000000000000000000000000000000000000
1000000000000000000000000000000000000000
1000000000000000000000000000000000000000
1000000000000000000000000000000000000000
1000000000000000000000000000000000000000
0000000000000000000000000000000000000000
0000000000000000000000000000000000000000
0000000000000000000000000000000000000000
0000000000000000000000000000000000000000
0000000000000000000000000000000000000000
0000000000000000000000000000000000000000
0000000000000000000000000000000000000000
0000000000000000000000000000000000000000
0000000000000000000000000000000000000000
0000000000000000000000000000000000000000
0000000000000000000000000000000000000000
0000000000000000000000000000000000000000
0000000000000000000000000000000000000000
0000000000000000000000000000000000000000
0000000000000000000000000000000000000000
0000000000000000000000000000000000000000
0000000000000000000000000000000000000000
0000000000000000000000000000000000000000
0000000000000000000000000000000000000000
0000000000000000000000000000000000000000
0000000000000000000000000000000000000000
0000000000000000000000000000000000000000
0000000000000000000000000000000000000000
0000000000000000000000000000000000000000
0000000000000000000000000000000000000000
0000000000000000000000000000000000000000
0000000000000000000000000000000000000000
0000000000000000000000000000000000000000
0000000000000000000000000000000000000000
0000000000000000000000000000000000000000
0000000000000000000000000000000000000000
0000000000000000000000000000000000000000
0000000000000000000000000000000000000000
0000000000000000000000000000000000000000
0000000000000000000001111111111111111111
0000000000000000000001011111111111111111
0000000000000000000011011111111111111001
0000000000000000000011111111111111111001
0000001000000000000011111111111111111001
0000100000000000000000111111111111111111
0000000000000000000000011111111111110111
0000010000000000000000011111111111100001
0000000000000000000000011111111111110001
0000000000000000000000011111111111100011
0000000000000000000000011111111111100000
0000000000000000000000011111111111100000
0000000000000000000000011111111111110000
