0000000000000000000000000000000000000000
0000000000000000000000000000000000000000
0000000000000000000000000000000000000000
0000000000000000000000000000000000000000
0000000000000000000000000000000000000000
0000000000000000000000000000000000000000
0000000000000000000000000000000000000000
0000000000000000000000000000000000000000
0000000000000000000000111000000000000000
0000000000000000001111001000000000000000
0000000000000000001111001000000000000000
0000000100000011110000010000000000000000
0000000100111100000000010000000000000000
0000000100111100000000010000000000000000
0000000111000000000000100000000000000000
0000000111000000000000100000000000000000
0000000010000000000000100000000000000000
0000000001000000000001100000000000000000
1000000001000000000001100000000000000000
0100000001000000000011010000000000000000
0100000001000000000110010000000000000000
0100000001000000000110010000000000000000
0100000000100000000110010000000000000000
1000000000100000000110010000000000000000
0000000000100000001100010000000000000000
0000000000010000010100001001110000000000
1100000000010000010100001001110000000000
0100000000010000101000001111000000000000
0100000000010000101011111010000000000000
0100000000010000101011111010000000000000
0100000000001001111100001010000000000000
0100000000001001111100001010000000000000
0000000000001111010000000100000000000000
0100000011111100100000000100000000000000
1100000011111100100000000100000000000000
0100111100000100100000001000000000000000
0011000000000111111111111100000000000000
0011000000001111111111111100000000000000
0001000000000011000000001000000000000000
1001000000000011000000001000000000000000
0100110000000010000000010000000000000000
0100001000000010000000010000000000000000
0111001000000010000000010000000000000000
1101000100000000000000100000000000000000
1001000010000000000000100000000000000000
0000000010000000000000100000000000000000
0000000001000000000001000000000000000000
1000000000000000000001000000000000000000
1100000000110000000001000000000000000000
0100000000001000000001000000000000000000
0100000000001000000001000000000000000000
0100000000000100000010000000000000000000
1000000000000010000010000000000000000000
0000000000000010000010000000000000000000
0000000000000011100100000000000000000000
1100000000000011100100000000000000000000
0100000000001100010100000000000000000000
0100000000000100001000000000000000000000
0100000000000100001000000000000000000000
0100000000001010001000000000000000000000
0000000000010001000000000000000000000000
0000000000010001000000000000000000000000
1100000000010000100000000000000000000000
1100000000010000100000000000000000000000
0100000000100000010000000000000000000000
0100000000100000001000000000000000000000
0100000000100000001000000000000000000000
0100000001000000000100000000000000000000
0000000000000000000010000000000000000000
0000000010000000000010000000000000000000
0000000010000000000001000000000000000000
0000000010000000000001000000000000000000
0000000100000000000000100000000000000000
0000001000000000000000010000000000000000
0000001000000000000000010000000000000000
1100001000000000000000111000000000000000
0100010000000000001111000000000000000000
0100010000000000001111000000000000000000
0100010000000011110000000000000000000000
1000010000000011110000000000000000000000
0000100000111100000000000000000000000000
0000001111000000000000000000000000000000
1000001111000000000000000000000000000000
1100110000000000000000000000000000000000
0100000000000000000000000000000000000000
0100000000000000000000000000000000000000
0100000000000000000000000000000000000000
1000000000000000000000000000000000000000
0000000000000000000000000000000000000000
0000000000000000000000000000000000000000
1100000000000000000000000000000000000000
0000000000000000000000000000000000000000
0000000000000000000000000000000000000000
0000000000000000000000000000000000000000
1000000000000000000000000000000000000000
1100000000000000000000000000000000000000
0100000000000000000000000000000000000000
0000000000000000000000000000000000000000
0000000000000000000000000000000000000000
0000000000000000000000000000000000000000
0000000000000000000000000000000000000000
0000000000000000000000000000000000000000
0000000000000000000000000000000000000000
1100000000000000000000000000000000000000
0100000000000000000000000000000000000000
0100000000000000000000000000000000000000
0100000000000000000000000000000000000000
0100000000000000000000000000000000000000
0100000000000000000000000000000000000000
0000000000000000000000000000000000000000
1100000000000000000000000000000000000000
0100000000000000000000000000000000000000
0100000000000000000000000000000000000000
0100000000000000000000000000000000000000
0100000000000000000000000000000000000000
0000000000000000000000000000000000000000
0000000000000000000000000000000000000000
0000000000000000000000000000000000000000
0000000000000000000000000000000000000000
0000000000000000000000000000000000000000
0000000000000000001000000000000000000000
0000000000000000110000000000000000000000
1100000000000000110000000000000000000000
0000000000000001010000000000000000000000
0000000000000110001000000000000000000000
0000000000000110001000000000000000000000
1000000000001000001000000000000000000000
1100000000001000001000000000000000000000
0100000000010000000100000000000000000000
0000000001100000000100000000000000000000
1100000001100000000100000000000000000000
0100000010000000000010000000000000000000
0100001100000000000001000000000000000000
0100001100000000000001000000000000000000
0100010000000000000001000000000000000000
0000010000000000000001000000000000000000
0000001000000000000000100000000000000000
0000001000000000000000100000000000000000
1000001000000000000000100000000000000000
0100000100000000000000010000000000000000
0100000100000000000000010000000000000000
0100000100000000000000010000000000000000
0100000010000000000000001000000000000000
0000000010000000000000001000000000000000
0000000010000000000000001000000000000000
0000000001000000000000010000000000000000
0000000001000000000000010000000000000000
1100000001000000000001100000000000000000
0000000000100000000010000000000000000000
0000000000100000000010000000000000000000
0100000000100000000100000000000000000000
1000000000100000000100000000000000000000
0000000000010000001000000000000000000000
0000000000010000010000000000000000000000
0000000000010000010000000000000000000000
0000000000001001100000000000000000000000
1000000000000010000000000000000000000000
0100000000000010000000000000000000000000
0000000000000100000000000000000000000000
1100000000000100000000000000000000000000
0000000000000000000000000000000000000000
0000000000000000000000000000000000000000
0000000000000000000000000000000000000000
1100000000000000000000000000000000000000
1100000000000000000000000000000000000000
0000000000000000000000000000000000000000
0000000000000000000000000000000000000000
0000000000000000000000000000000000000000
1000000000000000000000000000000000000000
0100000000000000000000000000000000000000
0100000000000000000000000000000000000000
0100000000000000000000000000000000000000
0100000000000000000000000000000000000000
1100000000000000000000000000000000000000
0000000000000000000000000000000000000000
0000000000000000000000000000000000000000
1100000000000000000000000000000000000000
0100000000000000000000000000000000000000
0100000000000000000000000000000000000000
0100000000000000000000000000000000000000
0100000000000000000000000000000000000000
0100000000000000000000000000000000000000
0000000000000000000000000000000000000000
1100000000000000000000000000000000000000
0100000000000000000000000000000000000000
0100000000000000000000000000000000000000
0100000000000000000000000000000000000000
0100000000000000000000000000000000000000
0000000000000000000000000000000000000000
0000000000000000000000000000000000000000
0000000000000000000000000000000000000000
0000000000000000000000000000000000000000
0000000000000000000000000000000000000000
0000000000000000000000000000000000000000
0000000000000000000000000000000000000000
0000000000000000000000000000000000000000
0000000000000000000000000000000000000000
0000000000000000000000000000000000000000
0000000000000000000000000000000000000000
0000000000000000000000000000000000000000
0000000000000000000000000000000000000000
0000000000000000000000000000000000000000
0000000000000000000000000000000000000000
0000000000000000000000000000000000000000
0000000000000000000000000000000000000000
0000000000000000000000000000000000000000
0000000000000000000000000000000000000000
0000000000000000000000000000000000000000
0000000000000000000000000000000000000000
0000000000000000000000000000000000000000
0000000000000000000000000000000000000000
0000000000000000000000000000000000000000
0000000000000000000000000000000000000000
0000000000000000000000000000000000000000
0000000000000000000000000000000000000000
0000000000000000000000000000000000000000
0000000000000000000000000000000000000000
0000000000000000000000000000000000000000
0000000000000000000000000000000000000000
0000000000000000000000000000000000000000
0000000000000000000000000000000000000000
0000000000000000000000000000000000000000
1111110111110111111111111111111111111111
1111111111110111111111111111111111111111
1111111111110011111111111111111111111111
1111111111111111111111111111111111111111
1111111111111111111111111111111111111111
1111111111111111111111111111111111111111
1111101111111111111111111111111111111111
1111111111111111111111111111111111111111
1111111111111111111111111111111111111111
1111111111111111111111111111111111111111
1111111111111111111111111111111111111111
1111111111111111111111111111111111111111
1111111111111110111111111111111111111111
1111111111111100111111111111111111111111
1111111111111100001111111111111111111111
1111111111111000000111111111111111111111
1111111111110000000111111111111111111111
1111111111100000000111111111111111111111
1111111111100000000011111111111111111111
1111111110000000000011111111111111111111
1111111110000000000011111111111111111111
1111111110000000000011111111111111111111
1111111100000000000011111111111111111111
1001111000000000000011111111111111111111
1001111000000000000111111111111111111111
0000000000000000000111111111111111111111
0000000000000000000111111111111111111111
0000000000000000001111111111111111111111
0100110000000000001001111111111111111111
0010100000000000001000111111111111111111
0000000000000000000000111111111111111111
0000000000000000000000111111111111111111
0000000000000000000000111111111111111111
0000000000000000000000111111111111111111
0000000000000000000000011111111111111111
0000000000000000000000111111111111111111
0000000000000000000000111111111111111111
0000000000000000000000101111111111111111
0000000000000000000001101111111111111100
0000000000000000000001111111111111111100
0000000100000000000001111111111111111100
0000010000000000000000011111111111111111
0000000000000000000000001111111111111011
0000001000000000000000001111111111110000
0000000000000000000000001111111111111000
0000000000000000000000001111111111110001
0000000000000000000000001111111111110000
0000000000000000000000001111111111110000
