0000000000000000000000000000000000000000
0000000000000000000000000000000000000000
0000000000000000000000000000000000000000
0000000000000000000000000000000000000000
0000000000000000000000000000000000000000
0000000000000000000000000000000000000000
0000000000000000000000000000000000000000
0000000000000000000000000000000000000000
0000000000000000000000000000000000000000
0000000000000000000000000000000000000000
0000000000000000000000000000000000000000
0000000000000000000000000000000000000000
0000000000000000000000000000000000000000
0000000000000000000000000000000000000000
0000000000000000000000000000000000000000
0000000000000000000000000000000000000000
0000000000000000000000000000000000000000
0000000000000000000000000000000000000000
0000000000000000000000000000000000000000
0000000000000000000000000000000000000000
0000000000000000000000000000000000000000
0000000000000000000000000000000000000000
0000000000000000000000000000000000000000
0000000000000000000000000000000000000000
0000000000000000000000000000000000000000
1000000000000000000000000000000000000000
1000000000000000000000000000000000000000
1000000000000000000000000000000000000000
1000000000000000000000000000000000000000
0000000000000000000000000000000000000000
0000000000000000000000000000000000000000
0000000000000000000000000000000000000000
1000000000000000000000000000000000000000
1000000000000000000000000000000000000000
1000000000000000000000000000000000000000
1000000000000000000000000000000000000000
1000000000000000000000000000000000000000
1000000000000000000000000000000000000000
0000000000000000000000000000000000000000
1000000000000000000010000000000000000000
1000000000000000000010000000000000000000
1000000000000000000101000000000000000000
0000000000000000011000100000000000000000
0000000000000000011000100000000000000000
0000000000000000100000010000000000000000
0000000000000000100000010000000000000000
1000000000000001000000001000000000000000
1000000000000110000000000100000000000000
1110000000000110000000000100000000000000
1010000000001000000000000100000000000000
0010000000010000000000000000000000000000
0000000000010000000000000010000000000000
0000001001100000000000000001000000000000
0000000001100000000000000001000000000000
1000000110000000000000000000100000000000
1000000100000000000000000000010000000000
1000000100000000000000000000010000000000
1000000010000000000000000000001000000000
0000000001000000000000000000000000000000
0000000001000000000000000000000000000000
0000000001000000000000000000001000000000
1000000001000000000000000000001000000000
1000000000100000000000000000010000000000
1000000000010000000000000001100000000000
1000000000010000000000000001100000000000
1000000000001000000000000010000000000000
0000000000001000000000000100000000000000
0000000000001000000000000100000000000000
1000000000000100000000011000000000000000
1000000000000100000000011000000000000000
1000000000000010000000100000000000000000
1000000000000010000001000000000000000000
1000000000000010000001000000000000000000
1000000000000001000010000000000000000000
0000000000000000101100000000000000000000
0000000000000000101100000000000000000000
0000000000000000110000000000000000000000
0000000000000000110000000000000000000000
0000000000000000110000000000000000000000
0000000000000000000000000000000000000000
0000000000000000000000000000000000000000
1000000000000000000000000000000000000000
1000000000000000000000000000000000000000
1000000000000000000000000000000000000000
1000000000000000000000000000000000000000
0000000000000000000000000000000000000000
0000000000000000000000000000000000000000
0000000000000000000000000000000000000000
0000000000000000000000000000000000000000
1000000000000000000000000000000000000000
1000000000000000000000000000000000000000
1000000000000000000000000000000000000000
1000000000000000000000000000000000000000
0000000000000000000000000000000000000000
0000000000000000000000000000000000000000
0000000000000000000000000000000000000000
1000000000000000000000000000000000000000
0000000000000000000000000000000000000000
0000000000000000000000000000000000000000
0000000000000000000000000000000000000000
0000000000000000000000000000000000000000
1000000000000000000000000000000000000000
1000000000000000000000000000000000000000
0000000000000000000000000000000000000000
0000000000000000000000000000000000000000
0000000000000000000000000000000000000000
0000000000000000000000000000000000000000
0000000000000000000000000000000000000000
0000000000000000000000000000000000000000
1000000000000000000000000000000000000000
1000000000000000000000000000000000000000
1000000000000000000000000000000000000000
1000000000000000000000000000000000000000
1000000000000000000000000000000000000000
1000000000000000000000000000000000000000
0000000000000000000000000000000000000000
1000000000000000000000000000000000000000
1000000000000000000000000000000000000000
1000000000000000000000000000000000000000
1000000000000000000000000000000000000000
1000000000000000000000000000000000000000
0000000000000000000000000000000000000000
0000000000000000000000000000000000000000
0000000000000000000000000000000000000000
0000000000000000000000000000000000000000
0000000000000000000000000000000000000000
0000000000000000000000000000000000000000
0000000000000000000000000000000000000000
1000000000000000000000000000000000000000
0000000000000000000000000000000000000000
0000000000000000000000000000000000000000
0000000000000000000000000000000000000000
0000000000000000000000000000000000000000
1000000000000000000000000000000000000000
1000000000000000000000000000000000000000
0000000000000000000000000000000000000000
1000000000000000000000000000000000000000
1000000000000000000000000000000000000000
1000000000000000000000000000000000000000
1000000000000000000000000000000000000000
1000000000000000000000000000000000000000
0000000000000000000000000000000000000000
0000000000000000000000000000000000000000
0000000000000000000000000000000000000000
0000000000000000000000000000000000000000
1000000000000000000000000000000000000000
1000000000000000000000000000000000000000
1000000000000000000000000000000000000000
1000000000000000000000000000000000000000
0000000000000000000000000000000000000000
0000000000000000000000000000000000000000
0000000000000000000000000000000000000000
0000000000000000000000000000000000000000
1000000000000000000000000000000000000000
0000000000000000000000000000000000000000
0000000000000000000000000000000000000000
1000000000000000000000000000000000000000
0000000000000000000000000000000000000000
0000000000000000000000000000000000000000
0000000000000000000000000000000000000000
0000000000000000000000000000000000000000
0000000000000000000000000000000000000000
0000000000000000000000000000000000000000
1000000000000000000000000000000000000000
0000000111000000000000000000000000000000
1000000111100000000000000000000000000000
0000000100111100000000000000000000000000
0000000010000011110000000000000000000000
0000000010000011110000000000000000000000
1000000010000000001111000000000000000000
1000000010000000000000111000000000000000
0000000010000000000000111000000000000000
0000000001000000000000000000000000000000
0000000001000000000000000000000000000000
0000000001000000000000000010000000000000
1000000001000000000000001100000000000000
1000000001000000000000001100000000000000
1000000000100000000000010000000000000000
1000000110100000000001100000000000000000
1000000110100000000001100000000000000000
0000000001100000000010000000000000000000
0000000001100100000010000000000000000000
1000001000011100000100000000000000000000
1000000100010011011100000000000000000000
1000000100010011011100000000000000000000
1000000100010000111000000000000000000000
1000000010001011001000000000000000000000
1000000010001011001000000000000000000000
0000000010001100010000000000000000000000
1000000010001100010000000000000000000000
1000000001000000010000000000000000000000
1000000000100000100000000000000000000000
1000000000100000100000000000000000000000
1000000000100000100000000000000000000000
0000000000010001000000000000000000000000
0000000000010001000000000000000000000000
0000000000010001000000000000000000000000
0000000000010001000000000000000000000000
0000000000001010000000000000000000000000
0000000000001010000000000000000000000000
0000000000001010000000000000000000000000
0000000000000100000000000000000000000000
0000000000000000000000000000000000000000
0000000000000000000000000000000000000000
0000000000000000000000000000000000000000
0000000000000000000000000000000000000000
0000000000000000000000000000000000000000
0000000000000000000000000000000000000000
0000000000000000000000000000000000000000
0000000000000000000000000000000000000000
0000000000000000000000000000000000000000
0000000000000000000000000000000000000000
0000000000000000000000000000000000000000
0000000000000000000000000000000000000000
0000000000000000000000000000000000000000
0000000000000000000000000000000000000000
0000000000000000000000000000000000000000
0000000000000000000000000000000000000000
0000000000000000000000000000000000000000
0000000000000000000000000000000000000000
0000000000000000000000000000000000000000
0000000000000000000000000000000000000000
0000000000000000000000000000000000000000
0000000000000000000000000000000000000000
0000000000000000000000000000000000000000
0000000000000000000000000000000000000000
0000000000000000000000000000000000000000
0000000000000000000000000000000000000000
1111111111111111111111110000000011000010
1111111111111111111111100000000011000110
1111111111111111111100000000000011001111
1111111111111111111000000000000110001111
1111111111111111000000000000000110001110
1111111111110000000000000000000110001111
1111111111100000000000000000001111111111
1011111111100000000000000000001111111111
0011111111100000000000000000000111111111
0111111111100000000000000000000111111111
0101101111000000000000000000000111111110
1111000110000000000000000000000111111110
1111000000000000000000000000000111111110
1111000000000000000000000000000111111111
1111000000000000000000100001000111111111
1000000000000000000000100001100111111111
1000011000000000000001100011000111111111
0011100000000000000011000110000111111111
1011100000000000000011000011000111111111
1011101100000000000011001001000111011111
1110001100000000000011000000000111011101
1100000000000000000111000000000111111001
1000000000000000000111000000000111111101
0000000000000000000011000000000111111100
0000000000000000000001000000000111111000
0000000000000000000000000000000110111000
0000000000000000000100000000001110111000
0000000000000000000100000000001111111000
0000000000000000000100000000011011011111
0000000000000000000000000100011011001100
0000000000000000001010000100011001001100
1000000000000000001010000000011000001000
1000000000000000001111000000111000000001
0000000000000000001101110001111000001110
0000000000000000011100000011111110001000
0000000000000000011111000001111110001000
0000000000000000010011000101011110001000
0000000000000000110000100100011110111110
0000000000000000100000100001011111000000
0000000000000001100000000000011111100000
0000000000010001000000000000011111100000
0000000000010011100000000000001111110010
