1111111111111110111111111111111111111111
1111111111100111111111111111111111111111
1111111111110111111111111111111111111111
1111111111110111111111111111111111111111
1111111111111111111111111111111111101111
1111111111111111111111111111111111101111
1111111111101111111111111111111111011111
1111111111101111111111111111111111011111
1111111111101111111111111111111111011111
1111111111111111111111111111111110011111
1111111111111111111111111111111110011111
1111111111111111110111111111111100111111
1111111111111111111111111111110000011111
1111111111111111111111111111100000111111
1111111111111111111111111111100000111111
1111111111111111111111111111100000111111
1111111111111111111111111111000000111111
1111111111111111111111111100000000111110
1111111110000000000000000000000000111110
1111111000000000000000000000100000111111
1111111100000000010010000000110000011111
1111111110000000010001100000100000011111
0011111110000000000000000000100000001111
0000011111000000000000000000000000001111
0000000011000000000000000000000000000111
0000000000000000000000000000000010000111
0000000000000000000000000000000000000000
0000000000000000000000000000000000000000
0000000000000000000000000000000000000000
0000000000000000000000000000000000000000
0000000000000000000000000000000000000000
0000000000000000000000000000000000000000
0000000000000000000000000000000000000000
0000000000000000000000000000000000000000
0000000000000000000000000000000000000000
0000000000000000000000000000000000000000
0000000000000000000000000000000000000000
0000000000000000000000000000000000000000
0000000000000000000000000000000000000000
0000000000000000000000000000000000000000
0000000000000000000000000000000000000000
0000000000000000000000000000000000000000
0000000000000000000000000000000000000000
0000000000000000000000000000000000000000
0000000000000000000000000000000000000000
0000000000000000000000000000000000000000
0000000000000000000000000000000000000000
0000000000000000000000000000000000000000
0000000000000000000000000000000000000000
0000000000000000000000000000000000000000
0000000000000000000000000000000000000000
0000000000000000000000000000000000000000
0000000000000000000000000000000000000000
0000000000000000000000000000000000000000
0000000000000000000000000000000000000000
0000000000000000000000000000000000000000
0000000000000000000000000000000000000000
0000000000000000000000000000000000000000
0000000000000000000000000000000000000000
0000000000000000000000000000000000000000
0000000000000000000000000000000000000000
0000000000000000000000000000000000000000
0000000000000000000000000000000000000000
0000000000000000000000000000000000000000
0000000000000000000000000000000000000000
0000000000000000000000000000000000000000
0000000000000000000000000000000000000000
0000000000000000000000000000000000000000
0000000000000000000000000000000000000000
0000000000000000000000000000000000000000
0000000000000000000000000000000000000000
0000000000000000000000000000000000000000
0000000000000000000000000000000000000000
0000000000000000000000000000000000000000
0000000000000000000000000000000000000000
0000000000000000000000000000000000000000
0000000000000000000000000000000000000000
0000000000000000000000000000000000000000
0000000000000000000000000000000000000000
0000000000000000000000000000000000000000
0000000000000000000000000000000000000000
0000000000000000000000000000000000000000
0000000000000000000000000000000000000000
0000000000000000000000000000000000000000
0000000000000000000000000000000000000000
0000000000000000000000000000000000000000
1100000000000000000000000000000000000000
0100000000000000000000000000000000000000
0100000000000000000000000000000000000000
0000000000000000000000000000000000000000
0000000000000000000000000000000000000000
0000000000000000000000000000000000000000
0000000000000000000000000000000000000000
0000000000000000000000000000000000000000
0000000000000000000000000000000000000000
0000000000000000000000000000000000000000
0000000000000000000000000000000000000000
0000000000000000000000000000000000000000
0000000000000000000000000000000000000000
0000000000000000000000000000000000000000
0000000000000000000000000000000000000000
0000000000000000000000000000000000000000
0000000000000000000000000000000000000000
0000000000000000000000000000000000000000
0000000000000000000000000000000000000000
0000000000000000000000000000000000000000
0000000000000000000000000000000000000000
0000000000000000000000000000000000000000
0000000000000000000000000000000000000000
0000000000000000000000000000000000000000
0000000000000000000000000000000000000000
0000000000000000000000000000000000000000
0000000000000000000000000000000000000000
0000000000000000000000000000000000000000
0000000000000000000000000000000000000000
0000000000000000000000000000000000000000
0000000001000000000000000000000000000000
0000000001100000000000000000000000000000
0000000001100000000000000000000000000000
0000000001010000000000000000000000000000
0000000010001000000000000000000000000000
0000000010001000000000000000000000000000
0000000010001000000000000000000000000000
0000000010001000000000000000000000000000
0000000010000100000000000000000000000000
0000000010000010000000000000000000000000
0000000010000010000000000000000000000000
0000000100000001000000000000000000000000
0000000100000000100000000000000000000000
0000000100000000100000000000000000000000
0000000100000000010000000000000000000000
0000000100000000010000000000000000000000
0000000100000000010000000000000000000000
0000000100000000001000000000000000000000
0000000100000000001000000000000000000000
0000001000000000000100000000000000000000
0000001000000000000010000000000000000000
0000001000000000000010000000000000000000
0000001000000000000001000000000000000000
0000001000000000000001000000000000000000
0000001000000000000000100000000000000000
0001111100000000000000100000000000000000
0001111100000000000000100000000000000000
0000010011111111110000010000000000000000
0000010000000000001111111000000000000000
0000010000000000001111111000000000000000
0000000000000000000000000100000000000000
0000000000000000000000000100000000000000
0000000000000000000010000000000000000000
0000000000000000000100000000000000000000
0000000000000000000100000000000000000000
0000000000000000001010000000000000000000
0000000000000000110001000000000000000000
0000000000000000110001000000000000000000
0000000000000001000000100000000000000000
0000000000000001000000100000000000000000
0000000000000010000000100000000000000000
0000000000000100000000010000000000000000
0000000000000100000000010000000000000000
0000000000001000000000001000000000000000
0000000000010000000000000100000000000000
0000000000010000000000000100000000000000
0000000001100000000000000010000000000000
0000000001100000000000000010000000000000
0000000010000000000000000001000000000000
0000000100000000000000000001000000000000
0000000100000000000000000001000000000000
0000001000000000000000000000100000000000
0000000100000000000000000000010000000000
0000000100000000000000000000010000000000
0000000010000000000000000000010000000000
0000000010000000000000000000010000000000
0000000001000000000000000001100000000000
0000000000100000000000000010000000000000
0000000000100000000000000010000000000000
0000000000010000000000000100000000000000
0000000000001000000000011000000000000000
0000000000001000000000011000000000000000
0000000000001000000000100000000000000000
0000000000001000000000100000000000000000
0000000000000100000001000000000000000000
0000000000000010000110000000000000000000
0000000000000010000110000000000000000000
0000000000000001001000000000000000000000
0000000000000000110000000000000000000000
0000000000000000110000000000000000000000
0000000000000000010000000000000000000000
0000000000000000010000000000000000000000
0000000000000000001000000000000000000000
0000000000000000000000000000000000000000
0000000000000000000000000000000000000000
0000000000000000000000000000000000000000
0000000000000000000000000000000000000000
0000000000000000000000000000000000000000
0000000000000000000000000000000000000000
0000000000000000000000000000000000000000
0000000000000000000000000000000000000000
0000000000000000000000000000000000000000
0000000000000000000000000000000000000000
0000000000000000000000000000000000000000
0000000000000000000000000000000000000000
0000000000000000000000000000000000000000
0000000000000000000000000000000000000000
0000000000000000000000000000000000000000
0000000000000000000000000000000000000000
0000000000000000000000000000000000000000
0000000000000000000000000000000000000000
0000000000000000000000000000000000000000
0000000000000000000000000000000000000000
0000000000000000000000000000000000000000
0000000000000000000000000000000000000000
0000000000000000000000000000000000000000
0000000000000010000000000000000000000000
0000000000000101000000000000000000000000
0000000000000101000000000000000000000000
0000000000001001000000000000000000000000
0000000000010000100000000000000000000000
0000000000010000100000000000000000000000
0000000000100000100000000000000000000000
0000000000100000100000000000000000000000
0000000011000000010000000000000000000000
0000000100000000010000000000000000000000
0000000100000000010000000000000000000000
0000001000000000001000000000000000000000
0000010000000000001000000000000000000000
0000010000000000001000000000000000000000
0000100000000000000100000000000000000000
0000100000000000000100000000000000000000
0000000000000000000100000000000000000000
0000001111111000000010000000000000000000
0000001111111000000010000000000000000000
0000000000000111111110000000000000000000
0000000000000000000000000000000000000000
0000000000000000000000000000000000000000
0000000000000000000000000000000000000000
0000000000000000000000000000000000000000
0000000000000000000000000000000000000000
0000000000000000000000000000000000000000
0000000000000000000000000000000000000000
0000000000000000000000000000000000000000
0000000000000000000000000000000000000000
0000000000000000000000000000000000000000
0000000000000000000000000000000000000000
0000000000000000000000000000000000000000
0000000000000000000000000000000000000000
0000000000000000000000000000000000000000
0000000000000000000000000000000000000000
0000000000000000000000000000000000000000
0000000000000000000000000000000000000000
0000000000000000000000000000000000000000
0000000000000000000000000000000000000000
0000000000000000000000000000000000000000
0000000000000000000000000000000000000000
0000000000000000000000000000000000000000
0000000000000000000000000000000000000000
0000000000000000000000000000000000000000
0000000000000000000000000000000000000000
0000000000000000000000000000000000000000
0000000000000000000000000000000000000000
0000000000000000000000000000000000000000
0000000000000000000000000000000000000000
0000000000000000000000000000000000000000
0000000000000000000000000000000000000000
0000000000000000000000000000000000000000
0000000000000000000000000000000000000000
0000000000000000000000000000000000000000
1111111111111111111111111111111111000111
1111111111111111111011111111111111000000
1111111111110111111111111111111111000000
1111111111110010111111111111111111100000
