0000000000000000000000000000000000000000
0000000000000000000000000000000000000000
0000000000000000000000000000000000000000
0000000000000000000000000000000000000000
0000000000000000000000000000000000000000
0000000000000000000000000000000000000000
0000000000000000000000000000000000000000
0000000000000000000000000000000000000000
0000000000000000000000000000000000000000
0000000000000000000000000000000000000000
0000000000000000000000000000000000000000
0000000000000000000000000000000000000000
0000000000000000000000000000000000000000
0000000000000000000000000000000000000000
0000000000000000000000000000000000000000
0000000000000000000000000000000000000000
0000000000000000000000000000000000000000
0000000000000000000000000000000000000000
0000000000000000000000000000000000000000
0000000000000000000000000000000000000000
0000000000000000000000000000000000000000
0000000000000000000000000000000000000000
0000000000000000000000000000000000000000
0000000000000000000000000000000000000000
0000000000000000000000000000000000000000
1000000000000000000000000000000000000000
1000000000000000000000000000000000000000
1000000000000000000000000000000000000000
1000000000000000000000000000000000000000
0000000000000000000000000000000000000000
0000000000000000000000000000000000000000
0000000000000000000000000000000000000000
1000000000000000000000000000000000000000
1000000000000000000000000000000000000000
1000000000000000000000000000000000000000
1000000000000000000000000000000000000000
1000000000000000000000000000000000000000
1000000000000000000000000000000000000000
0000001110000000000000000000000000000000
1000001001111110000000000000000000000000
1000001001111110000000000000000000000000
1000000100000001111100000000000000000000
0000000100000000000011111100000000000000
0000000100000000000011111100000000000000
0000000010000000000000000011100000000000
0000000010000000000000000011100000000000
1000000010000000000000000010000000000000
1000000001000000000000111111100000000000
1110000001000000000000111111100000000000
1010000011111111111111011100001000000000
0111111101000000001111101000010000000000
0111111101000000001111101000010000000000
0010000000100011110000001000010000000000
0010000000100011110000001000010000000000
1001000001111100000000010000100000000000
1000101110010000000000010000100000000000
1000101110010000000000010000100000000000
1000100100010000000000100001000000000000
0000010100001000000000100010000000000000
0000010100001000000000100010000000000000
0000001010001000000001000010000000000000
1000001010001000000001000010000000000000
1000000110000100000011000100000000000000
1000000011000100000010001000000000000000
1000000011000100000010001000000000000000
1000000001000100000110001000000000000000
0000000001000010000100010000000000000000
0000000001100010000100010000000000000000
1000000000100010001100010000000000000000
1000000000100010001100010000000000000000
1000000000010001001000100000000000000000
1000000000011001011001000000000000000000
1000000000011001011001000000000000000000
1000000000010100110001000000000000000000
0000000000001010110010000000000000000000
0000000000001010110010000000000000000000
0000000000001010100100000000000000000000
0000000000001010100100000000000000000000
0000000000000101100100000000000000000000
0000000000000101101000000000000000000000
0000000000000101101000000000000000000000
1000000000000011001000000000000000000000
1000000000000010010000000000000000000000
1000000000000010010000000000000000000000
1000000000000010000000000000000000000000
0000000000000010000000000000000000000000
0000000000000100000000000000000000000000
0000000000000000000000000000000000000000
0000000000000000000000000000000000000000
1000000000000000000000000000000000000000
1000000000000000000000000000000000000000
1000000000000000000000000000000000000000
1000000000000000000000000000000000000000
0000000000000000000000000000000000000000
0000000000000000000000000000000000000000
0000000000000000000000000000000000000000
1000000000000000000000000000000000000000
0000000000000000000000000000000000000000
0000000000000000000000000000000000000000
0000000000000000000000000000000000000000
0000000000000000000100000000000000000000
1000000000000000000100000000000000000000
1000000000000000001100000000000000000000
0000000000000000110100000000000000000000
0000000000000000110100000000000000000000
0000000000000001000010000000000000000000
0000000000000010000010000000000000000000
0000000000000010000010000000000000000000
0000000000001100000001000000000000000000
1000000000001100000001000000000000000000
1000000000010000000001000000000000000000
1000000000100000000001000000000000000000
1000000000100000000001000000000000000000
1000000011000000000000100000000000000000
1000000111000000000000100000000000000000
0000000111000000000000100000000000000000
1000001000110000000000100000000000000000
1000001000110000000000100000000000000000
1000000000001100000000010000000000000000
1000000000000011000000010000000000000000
1000000000000011000000010000000000000000
0000000000000000110000001000000000000000
0000000000000000001100001000000000000000
0000000000000000001100001000000000000000
0000000000000000000011001000000000000000
0000000000000000000011001000000000000000
0000000000000000000000110100000000000000
0000000000000000000000001100000000000000
1000000000000000000000001100000000000000
0000000000000000000000000000000000000000
0000000000000000000000000000000000000000
0000000000000000000000000000000000000000
0000000000000000000000000000000000000000
1000000000000000000000000000000000000000
1000000000000000000000000000000000000000
0000000000000000000000000000000000000000
1000000000000000000000000000000000000000
1000000000000000000000000000000000000000
1000000000000000000000000000000000000000
1000000000000000000000000000000000000000
1000000000000000000000000000000000000000
0000000000000000000000000000000000000000
0000000000000000000000000000000000000000
0000000000000000000000000000000000000000
0000000000000000000000000000000000000000
1000000000000000000000000000000000000000
1000000000000000000000000000000000000000
1000000000000000000000000000000000000000
1000000000000000000000000000000000000000
0000000000000000000000000000000000000000
0000000000000000000000000000000000000000
0000000000000000000000000000000000000000
0000000000000000000000000000000000000000
1000000000000000000000000000000000000000
0000000000000000000000000000000000000000
0000000000000000000000000000000000000000
1000000000000000000000000000000000000000
0000000000000000000000000000000000000000
0000000000000000000000000000000000000000
0000000000000000000000000000000000000000
0000000000000000000000000000000000000000
0000000000000000000000000000000000000000
0000000000000000000000000000000000000000
1000000000000000000000000000000000000000
0000000000000000000000000000000000000000
1000000000000000000000000000000000000000
0000000000000000000000000000000000000000
0000000000000000000000000000000000000000
0000000000000000000000000000000000000000
1000000000000000000000000000000000000000
1000000000000000000000000000000000000000
0000000000000000000000000000000000000000
0000000000000000000000000000000000000000
0000000000000000000000000000000000000000
0000000000000000000000000000000000000000
1000000000000000001000000000000000000000
1000000000000000001000000000000000000000
1000000000000000111000000000000000000000
1000000000000011000100000000000000000000
1000000000000011000100000000000000000000
0000000000000100000100000000000000000000
0000000000000100000100000000000000000000
1000000000011000000010000000000000000000
1000000000100000000010000000000000000000
1000000000100000000010000000000000000000
1000000011000000000001000000000000000000
1000001001000000000001000000000000000000
1000001100000000000001000000000000000000
0000010000000000000000100000000000000000
1000010000000000000000100000000000000000
1000000000000000000000100000000000000000
1000010000000000000000010000000000000000
1000010000000000000000010000000000000000
1000001000000000000000010000000000000000
0000001000000000000000001000000000000000
0000001000000000000000001000000000000000
0000000100000000000000001100000000000000
0000000100000000000000001100000000000000
0000000010000000000000011000000000000000
0000000010000000000001100000000000000000
0000000010000000000001100000000000000000
0000000001000000000010000000000000000000
0000000001000000001100000000000000000000
0000000001000000001100000000000000000000
0000000000100000010000000000000000000000
0000000000100000010000000000000000000000
0000000000010001100000000000000000000000
0000000000010110000000000000000000000000
0000000000010110000000000000000000000000
0000000000001000000000000000000000000000
0000000000000000000000000000000000000000
0000000000000000000000000000000000000000
0000000000000000000000000000000000000000
0000000000000000000000000000000000000000
0000000000000000000000000000000000000000
0000000000000000000000000000000000000000
0000000000000000000000000000000000000000
0000000000000000000000000000000000000000
0000000000000000000000000000000000000000
0000000000000000000000000000000000000000
0000000000000000000000000000000000000000
0000000000000000000000000000000000000000
0000000000000000000000000000000000000000
0000000000000000000000000000000000000000
0000000000000000000000000000000000000000
0000000000000000000000000000000000000000
0000000000000000000000000000000000000000
0000000000000000000000000000000000000000
1111111111111111111111110000000011000010
1111111111111111111111100000000011000110
1111111111111111111100000000000011001111
1111111111111111111000000000000110001111
1111111111111111000000000000000110001110
1111111111110000000000000000000110001111
1111111111100000000000000000001111111111
1011111111100000000000000000001111111111
0011111111100000000000000000000111111111
0111111111100000000000000000000111111111
0101101111000000000000000000000111111110
1111000110000000000000000000000111111110
1111000000000000000000000000000111111110
1111000000000000000000000000000111111111
1111000000000000000000100001000111111111
1000000000000000000000100001100111111111
1000011000000000000001100011000111111111
0011100000000000000011000110000111111111
1011100000000000000011000011000111111111
1011101100000000000011001001000111011111
1110001100000000000011000000000111011101
1100000000000000000111000000000111111001
1000000000000000000111000000000111111101
0000000000000000000011000000000111111100
0000000000000000000001000000000111111000
0000000000000000000000000000000110111000
0000000000000000000100000000001110111000
0000000000000000000100000000001111111000
0000000000000000000100000000011011011111
0000000000000000000000000100011011001100
0000000000000000001010000100011001001100
1000000000000000001010000000011000001000
1000000000000000001111000000111000000001
0000000000000000001101110001111000001110
0000000000000000011100000011111110001000
0000000000000000011111000001111110001000
0000000000000000010011000101011110001000
0000000000000000110000100100011110111110
0000000000000000100000100001011111000000
0000000000000001100000000000011111100000
0000000000010001000000000000011111100000
0000000000010011100000000000001111110010
