1111111111111111011111111111111111111111
0000000000000000000000000000000000000000
0000000000000000000000000000000000000000
0000000000000000000000000000000000000000
0000000000000000000000000000000000000000
0000000000000000000000000000000000000000
0000000000000000000000000000000000000000
0000000000000000000000000000000000000000
0000000000000000000000000000000000000000
0000000000000000000000000000000000000000
0000000000000000000000000000000000000000
0000000000000000000000000000000000000000
0000000000000000000000000000000000000000
0000000000000000000000000000000000000000
0000000000000000000000000000000000000000
0000000000000000000000000000000000000000
0000000000000000000000000000000000000000
0000000000000000000000000000000000000000
0000000000000000000000000000000000000000
0000000000000000000000000000000000000000
0000000000000000000000000000000000000000
0000000000000000000000000000000000000000
0000000000000000000000000000000000000000
0000000000000000000000000000000000000000
0000000000000000000000000000000000000000
0000000000000000000000000000000000000000
0000000000000000000000000000000000000000
0000000000000000000000000000000000000000
0000000000000000000000000000000000000000
0000000000000000000000000000000000000000
0000000000000000000000000000000000000000
0000000000000000000000000000000000000000
0000000000000000000000000000000000000000
0000000000000000000000001000000000000000
0000000000000000000000001000000000000000
0000000000000000000000001000000000000000
0000000001000001111111110100000000000000
0000000001000001111111110100000000000000
1000000111111110000000000100000000000000
1000000001000000000000000100000000000000
1000000001000000000000000100000000000000
1000000001000000000000000100000000000000
0000000001000000000000000100000000000000
0000000001000000000000000010000000000000
0000000001000000000000000010000000000000
1000000001000000000000000010000000000000
1000000001000000000000000010000000000000
1000000001000000000000000001000000000000
1000000001000000000000000001000000000000
1000000001000000000000000001000000000000
1000000001000000000000000001000000000000
0000000000100000000000000001000000000000
1000000000100000000000000000100000000000
1000000000100000000000000000100000000000
1000000000100000000000000000100000000000
0000000000100000000000000000100000000000
0000000000100000000000000000100000000000
0000000000100000000000000000100000000000
0000000000100000000000000000100000000000
1000000000100000000000000000010000000000
1000000000100000000000000111010000000000
1110000000100000000000000111010000000000
1010000000100000000111111000000000000000
0010000000100101111000000000000000000000
0000000000100111111000000000000000000000
0000000000111000000000000000000000000000
0000000000011000000000000000000000000000
1000000000000000000000000000000000000000
1000000000000000000000000000000000000000
1000000000000000000000000000000000000000
1000000000000000000000000000000000000000
0000000000000000000000000000000000000000
0000000000000000000000000000000000000000
0000000000000000000000000000000000000000
1000000000000000000000000000000000000000
1000000000000000000000000000000000000000
1000000000000000000000000000000000000000
1000000000000000000000000000000000000000
1000000000000000000000000000000000000000
0000000000000000000000000000000000000000
0000000000000000000000000000000000000000
1000000000000000000000000000000000000000
1000000000000000000000000000000000000000
1000000000000000000000000000000000000000
1000000000000000000000000000000000000000
1000000000000000000000000000000000000000
1000000000000000000000000000000000000000
0000000000000000000000000000000000000000
0000000000000000000000000000000000000000
0000000000000000000000000000000000000000
0000000000000000000000000000000000000000
0000000000010000000000000000000000000000
0000000000001000000000000000000000000000
0000000000001000000000000000000000000000
1000000000001100000000000000000000000000
1000000000001010000000000000000000000000
1000000000001010000000000000000000000000
1000000000001001000000000000000000000000
0000000000001001000000000000000000000000
0000000000010000100000000000000000000000
0000000000010000010000000000000000000000
0000000000010000010000000000000000000000
1000000000010000001000000000000000000000
1000000000010000000110000000000000000000
1000000000010000000110000000000000000000
1000000000010000000001000000000000000000
0000000000010000000001000000000000000000
0000000000100000000000100000000000000000
0000000000100000000000010000000000000000
1000000000100000000000010000000000000000
0000000000100000000000001000000000000000
0000000000100000000000000100000000000000
0000000000100000000000000100000000000000
0000000000100000000000000010000000000000
1000000000000000000000000000000000000000
1000000001000000000000000001000000000000
0000000001000000000000000000100000000000
0000000001000000000000000000100000000000
0000000001000000000000000001000000000000
0000000001000000000000000110000000000000
0000000001000000000000000110000000000000
0000000001000000000000011000000000000000
1000000001000000000000011000000000000000
1000000001000000000001100000000000000000
1000000010000000000110000000000000000000
1000000010000000000110000000000000000000
1000000010000000011000000000000000000000
1000000010000000100000000000000000000000
0000000010000000100000000000000000000000
1000000010000011000000000000000000000000
1000000010000011000000000000000000000000
1000000010001100000000000000000000000000
1000000100110000000000000000000000000000
1000000100110000000000000000000000000000
0000000111000000000000000000000000000000
0000000100000000000000000000000000000000
0000000100000000000000000000000000000000
0000000000000000000000000000000000000000
0000000000000000000000000000000000000000
0000000000000000000000000000000000000000
0000000000000000000000000000000000000000
1000000000000000000000000000000000000000
0000000000000000000000000000000000000000
0000000000000000000000000000000000000000
0000000000000000000000000000000000000000
0000000000000000000000000000000000000000
1000000000000000000000000000000000000000
1000000000000000000000000000000000000000
0000000000000000000000000000000000000000
1000000000000000000000000000000000000000
1000000000000000000000000000000000000000
1000000000000000000000000000000000000000
1000000000000000000000000000000000000000
1000000000000000000000000000000000000000
0000000000000000000000000000000000000000
0000000000000000000000000000000000000000
0000000000000000000000000000000000000000
0000000000000000000000000000000000000000
1000000000000000000000000000000000000000
1000000000000000000000000000000000000000
1000000000000000000000000000000000000000
1000000000000000000000000000000000000000
0000000000000000000000000000000000000000
0000000000000000000000000000000000000000
0000000000000000000000000000000000000000
0000000000000000000000000000000000000000
1000000000000000000000000000000000000000
0000000000000000000000000000000000000000
0000000000000000000000000000000000000000
1000000000000000000000000000000000000000
0000000000000000000000000000000000000000
0000000000000000000000000000000000000000
0000000000000000000000000000000000000000
0000000000000000000000000000000000000000
0000000000000000000000000000000000000000
0000000000000000000000000000000000000000
1000000000000000000000000000000000000000
0000000000000000000000000000000000000000
1000000000000000000000000000000000000000
0000000000000000000000000000000000000000
0000000000000000000000000000000000000000
0000000000000000000000000000000000000000
1000000000000000000000000000000000000000
1000000000000000000000000000000000000000
0000000000000000000000000000000000000000
0000000100000000000000000000000000000000
0000000101000000000000000000000000000000
0000000111100000000000000000000000000000
1110000100011110000000000000000000000000
1110000100011110000000000000000000000000
1101110100000001111000000000000000000000
1110001100000000000111000000000000000000
1010001100000000000111000000000000000000
0010000111100000000110000000000000000000
0010000111100000000110000000000000000000
1010000100011100011000000000000000000000
1010000100000011100000000000000000000000
1010000100000011100000000000000000000000
1001000010000011011100000000000000000000
1001000010001100000011000000000000000000
1001000010001100000011000000000000000000
0001000010010000000000111000000000000000
1001000010010000000000111000000000000000
1000100011100000000000000110000000000000
1000100110000000000000000000000000000000
1000100110000000000000000000000000000000
1000101010000000000000000010000000000000
0000100010000000000000001100000000000000
0000100010000000000000001100000000000000
0000010010000000000000110000000000000000
0000010010000000000000110000000000000000
0000010000000000000001000000000000000000
0000010000000000000110000000000000000000
0000010000000000000110000000000000000000
0000001000000000011000000000000000000000
0000001000000001100000000000000000000000
0000001000000001100000000000000000000000
0000001000000010000000000000000000000000
0000001000000010000000000000000000000000
0000001000001100000000000000000000000000
0000000100110000000000000000000000000000
0000000100110000000000000000000000000000
0000000101000000000000000000000000000000
0000000000000000000000000000000000000000
0000000000000000000000000000000000000000
0000000000000000000000000000000000000000
0000000000000000000000000000000000000000
0000000000000000000000000000000000000000
0000000000000000000000000000000000000000
0000000000000000000000000000000000000000
0000000000000000000000000000000000000000
0000000000000000000000000000000000000000
0000000000000000000000000000000000000000
0000000000000000000000000000000000000000
0000000000000000000000000000000000000000
0000000000000000000000000000000000000000
0000000000000000000000000000000000000000
0000000000000000000000000000000000000000
0000000000000000000000000000000000000000
0000000000000000000000000000000000000000
0000000000000000000000000000000000000000
1111111100000000000111111111111111111111
1111111100000000000111111111111111111111
1111111000000000000111111111111111111111
0011110000000000000111111111111111111111
0011110000000000001111111111111111111111
0000000000000000001111111111111111111111
0000000000000000001111111111111111111111
0000000000000000011111111111111111111111
1001100000000000010011111111111111111111
0101000000000000010001111111111111111111
0000000000000000000001111111111111111111
0000000000000000000001111111111111111111
0000000000000000000001111111111111111111
0000000000000000000001111111111111111111
0000000000000000000000111111111111111111
0000000000000000000001111111111111111111
0000000000000000000001111111111111111111
0000000000000000000001011111111111111111
0000000000000000000011011111111111111001
0000000000000000000011111111111111111001
0000001000000000000011111111111111111001
0000100000000000000000111111111111111111
0000000000000000000000011111111111110111
0000010000000000000000011111111111100001
0000000000000000000000011111111111110001
0000000000000000000000011111111111100011
0000000000000000000000011111111111100000
0000000000000000000000011111111111100000
0000000000000000000000011111111111110000
