0000000000000000000110000000000000000000
0000000000000000011001000000000000000000
0000000000000000011001000000000000000000
0000000000000000100000100000000000000000
0000000000000000100000100000000000000000
0000000000000001000000100000000000000000
0000000000000010000000010000000000000000
0000000000000010000000010000000000000000
0000000000000100000000001000000000000000
0000000000001000000000000100000000000000
0000000000001000000000000100000000000000
0000000000110000000000000010000000000000
0000000000000000000000000010000000000000
0000000001000000000000000010000000000000
0000000010000000000000000001000000000000
0000000010000000000000000001000000000000
0000000110000000000000000000100000000000
0000000001000000000000000000010000000000
0000000001000000000000000000010000000000
0000000001000000000000000000010000000000
0000000001000000000000000000010000000000
0000000000100000000000000000001000000000
0000000000010000000000000000010100000000
0000000000010000000000000000010100000000
0000000000010000000000000001100000000000
0000000000001000000000000010000000000000
0000000000001000000000000010000000000000
0000000000000100000000000100000000000000
0000000000000100000000000100000000000000
0000000000000010000000011000000000000000
0000000000000010000000100000000000000000
0000000000000010000000100000000000000000
0000000000000001000001000000000000000000
0000000000000000100110000000000000000000
0000000000000000100110000000000000000000
0000000000000000101000000000000000000000
0000000000000000101000000000000000000000
0000000000000000010000000000000000000000
