000000010000000000000000000000000000000
000001001000000000000000000000000000000
000001000110000000000000000000000000000
000001000110000000000000000000000000000
000010000001000000000000000000000000000
000010000000100000000000000000000000000
000010000000100000000000000000000000000
000100000000010000000000000000000000000
000100000000010000000000000000000000000
000100000000001100000000000000000000000
001000000000000010000000000000000000000
001000000000000010000000000000000000000
001000000000000001000000000000000000000
001000000000000000110010000000000000000
001000000000000000110010000000000000000
010000000000000000001100000000000000000
010000000000000000001100000000000000000
010000000000000000000100000000000000000
100000000000000000001000000000000000000
100000000000000000001000000000000000000
100000000000000000001000000000000000000
010000000000000000010000000000000000000
010000000000000000010000000000000000000
001000000000000000100000000000000000000
001000000000000000100000000000000000000
000110000000000000100000000000000000000
000001000000000001000000000000000000000
000001000000000001000000000000000000000
000000100000000001000000000000000000000
000000010000000010000000000000000000000
000000010000000010000000000000000000000
000000001000000100000000000000000000000
000000001000000100000000000000000000000
000000000110000100000000000000000000000
000000000001001000000000000000000000000
000000000001001000000000000000000000000
000000000000101000000000000000000000000
000000000000010000000000000000000000000