0000000000001100000000000000000000000000
0000000000001010000000000000000000000000
0000000000010001100000000000000000000000
0000000000010001100000000000000000000000
0000000000100000010000000000000000000000
0000000001000000001000000000000000000000
0000000001000000001000000000000000000000
0000000001000000000100000000000000000000
0000000001000000000100000000000000000000
0000000010000000000010000000000000000000
0000000100000000000001100000000000000000
0000000100000000000001100000000000000000
0000001000000000000000010000000000000000
0000001000000000000000001000000000000000
0000001000000000000000001000000000000000
0000010000000000000000010000000000000000
0000010000000000000000010000000000000000
0000100000000000000001100000000000000000
0000000000000000000010000000000000000000
0000000000000000000010000000000000000000
0010000000000000000100000000000000000000
0001100000000000001000000000000000000000
0001100000000000001000000000000000000000
0000011000000000010000000000000000000000
0000011000000000010000000000000000000000
0000000110000001100000000000000000000000
0000000001100010000000000000000000000000
0000000001100010000000000000000000000000
0000000000011100000000000000000000000000
