0000000000000000010000000000000000000000
0000000000000000101100000000000000000000
0000000000000000100011000000000000000000
0000000000000000100011000000000000000000
0000000000000001000000100000000000000000
0000000000000010000000011000000000000000
0000000000000010000000011000000000000000
0000000000000010000000000110000000000000
0000000000000000000000000110000000000000
0000000000000100000000000001100000000000
0000000000001000000000000000010000000000
0000000000001000000000000000010000000000
0000000000001000000000000000010000000000
0000000000000000000000000000100000000000
0000000000010000000000000000100000000000
0000000000100000000000000001000000000000
0000000000100000000000000001000000000000
0000000100100000000000000001000000000000
0000000011000000000000000010000000000000
0000000011000000000000000010000000000000
0000000000100000000000000100000000000000
0000000000011000000000001000000000000000
0000000000011000000000001000000000000000
0000000000000100000000010000000000000000
0000000000000100000000010000000000000000
0000000000000010000000100000000000000000
0000000000000001100000100000000000000000
0000000000000001100000100000000000000000
0000000000000000010001000000000000000000
0000000000000000001110000000000000000000
