0000000000000010000000000000000000000000
0000000000001001000000000000000000000000
0000000000010000010000000000000000000000
0000000000010000110000000000000000000000
0000000000100000001000000000000000000000
0000000000100000001000000000000000000000
0000000001000000000100000000000000000000
0000000010000000000010000000000000000000
0000000010000000000010000000000000000000
0000000100000000000001000000000000000000
0000001000000000000000100000000000000000
0000001000000000000000100000000000000000
0000010000000000000000011000000000000000
0000010000000000000000011000000000000000
0000100000000000000000000100000000000000
0001000000000000000000000010000000000000
0001000000000000000000000010000000000000
0010000000000000000000000101000000000000
0001000000000000000000001000000000000000
0001000000000000000000001000000000000000
0000100000000000000000010000000000000000
0000000000000000000000010000000000000000
0000010000000000000001100000000000000000
0000001000000000000010000000000000000000
0000001000000000000010000000000000000000
0000000100000000000100000000000000000000
0000000010000000001000000000000000000000
0000000010000000001000000000000000000000
0000000010000000010000000000000000000000
0000000010000000010000000000000000000000
0000000001000000100000000000000000000000
0000000000100011000000000000000000000000
0000000000100011000000000000000000000000
0000000000010100000000000000000000000000
0000000000001000000000000000000000000000
