0000000000011000000000000000000000000000
0000000000001110000000000000000000000000
0000000000001001110000000000000000000000
0000000000001001110000000000000000000000
0000000000010000001100000000000000000000
0000000000010000000011100000000000000000
0000000000010000000011100000000000000000
0000000000010000000000011010000000000000
0000000000010000000000011010000000000000
0000000000100000000000000110000000000000
0000000000100000000000000100000000000000
0000000000100000000000000100000000000000
0000000000100000000000000100000000000000
0000000000000000000000000100000000000000
0000000001000000000000000100000000000000
0000000001000000000000000100000000000000
0000000001000000000000000000000000000000
0000000001000000000000001000000000000000
0000000010000000000000001000000000000000
0000000010000000000000001000000000000000
0000000010000000000000001000000000000000
0000000010000000000000001000000000000000
0000000010000000000000001000000000000000
0000000100000000000000010000000000000000
0000000100000000000000010000000000000000
0000000100000000000000010000000000000000
0000000000000000000000010000000000000000
0000000000000000000000010000000000000000
0000000001111000000000010000000000000000
0000000000000111111000100000000000000000
0000000000000111111000100000000000000000
0000000000000000000111100000000000000000
