000000000000001000000000000000000000000
000000000000010100000000000000000000000
000000000001100010000000000000000000000
000000000001100010000000000000000000000
000000000010000001000000000000000000000
000000000010000001000000000000000000000
000000000100000000100000000000000000000
000000001000000000010000000000000000000
000000001000000000010000000000000000000
000000010000000000010000000000000000000
000001000000000000000000000000000000000
000001100000000000001000000000000000000
000010000000000000000100000000000000000
000010000000000000000100000000000000000
000100000000000000000010000000000000000
001000000000000000000001000000000000000
001000000000000000000001000000000000000
000100000000000000000000100000000000000
000010000000000000000001000000000000000
000010000000000000000001000000000000000
000001000000000000000110000000000000000
000001000000000000000110000000000000000
000000100000000000001000000000000000000
000000010000000000010000000000000000000
000000010000000000010000000000000000000
000000010000000001100000000000000000000
000000001000000010000000000000000000000
000000001000000010000000000000000000000
000000000100000100000000000000000000000
000000000100000100000000000000000000000
000000000010011000000000000000000000000
000000000001100000000000000000000000000
000000000001100000000000000000000000000
000000000001100000000000000000000000000