0000000000100011111000000000000000000000
0000000000100000000111110000000000000000
0000000000100000000111110000000000000000
0000000000100000000000001110000000000000
0000000001000000000000000010000000000000
0000000001000000000000000010000000000000
0000000001000000000000000010000000000000
0000000001000000000000000010000000000000
0000000001000000000000000100000000000000
0000000001000000000000000100000000000000
0000000001000000000000000100000000000000
0000000001000000000000000100000000000000
0000000001000000000000000100000000000000
0000000001000000000000000100000000000000
0000000001000000000000000100000000000000
0000000001000000000000000100000000000000
0000000010000000000000001000000000000000
0000000010000000000000001000000000000000
0000000010000000000000001000000000000000
0000000010000000000000001000000000000000
0000000010000000000000001000000000000000
0000000010000000000000001000000000000000
0000000000111000000000001000000000000000
0000000000111000000000001000000000000000
0000000000000111100000001000000000000000
0000000000000000011110010000000000000000
0000000000000000011110010000000000000000
0000000000000000000001110000000000000000
