0000000001110000000000000000000000000000
0000000001001111000000000000000000000000
0000000001001111000000000000000000000000
0000000001000000111100010000000000000000
0000000001000000111100010000000000000000
0000000001000000000011110000000000000000
0000000001000000000000100000000000000000
0000000001000000000000100000000000000000
0000000010000000000000100000000000000000
0000000010000000000000100000000000000000
0000000010000000000000100000000000000000
0000000010000000000001000000000000000000
0000000010000000000001000000000000000000
0000000010000000000001000000000000000000
0000000100000000000001000000000000000000
0000000100000000000001000000000000000000
0000000100000000000001000000000000000000
0000000100000000000010000000000000000000
0000000100000000000010000000000000000000
0000000100000000000010000000000000000000
0000000100000000000010000000000000000000
0000001000000000000010000000000000000000
0000001000000000000100000000000000000000
0000001000000000000100000000000000000000
0000001111000000000100000000000000000000
0000000000111111110000000000000000000000
