0000000011100000000000000000000000000000
0000000010011110000000000000000000000000
0000000100000001111000000000000000000000
0000000100000001111000000000000000000000
0000000100000000000111100000000000000000
0000000100000000000000011100000000000000
0000000100000000000000011100000000000000
0000000100000000000000000100000000000000
0000000100000000000000000100000000000000
0000001000000000000000000100000000000000
0000001000000000000000000100000000000000
0000001000000000000000000100000000000000
0000001000000000000000001000000000000000
0000010000000000000000001000000000000000
0000010000000000000000001000000000000000
0000010000000000000000001000000000000000
0000010000000000000000001000000000000000
0000010000000000000000001000000000000000
0000100000000000000000001000000000000000
0000100000000000000000001000000000000000
0000100000000000000000010000000000000000
0000100000000000000000010000000000000000
0000100000000000000000010000000000000000
0001100000000000000000010000000000000000
0001000000000000000000010000000000000000
0001011000000000000000010000000000000000
0000000111000000000000100000000000000000
0000000111000000000000100000000000000000
0000000000110000000000100000000000000000
0000000000001100000000100000000000000000
0000000000001100000000100000000000000000
0000000000000011100000100000000000000000
0000000000000011100000100000000000000000
0000000000000000011000100000000000000000
0000000000000000000111000000000000000000