0000000000000111000000000000000000000000
0000000000000111000000000000000000000000
0000000000011000100000000000000000000000
0000000000011000100000000000000000000000
0000000011100000100000000000000000000000
0000011100000000010000000000000000000000
0000011100000000010000000000000000000000
0011100000000000010000000000000000000000
0110000000000000001000000000000000000000
0110000000000000001000000000000000000000
0001000000000000001000000000000000000000
0001000000000000001000000000000000000000
0001000000000000000100000000000000000000
0001000000000000000100000000000000000000
0001000000000000000100000000000000000000
0000100000000000000100000000000000000000
0000100000000000000000000000000000000000
0000100000000000000010000000000000000000
0000100000000000000010000000000000000000
0000100000000000000010000000000000000000
0000010000000000000001000000000000000000
0000010000000000000001000000000000000000
0000010000000000000001000000000000000000
0000010000000000000011100000000000000000
0000001000000000011100100000000000000000
0000001000000000011100100000000000000000
0000001000000011100000000000000000000000
0000001000000011100000000000000000000000
0000001000001100000000000000000000000000
0000000101110000000000000000000000000000
0000000101110000000000000000000000000000
0000000110000000000000000000000000000000
