000000000001111000000000000000000000000
000000000001111000000000000000000000000
001000011110000000100000000000000000000
001011100100000000100000000000000000000
001011100000000000100000000000000000000
001000000000000000100000000000000000000
001000000000000000100000000000000000000
000100000000000000100000000000000000000
000100000000000001000000000000000000000
000100000000000001000000000000000000000
000100000000000001000000000000000000000
000100000000000001000000000000000000000
000100000000000001000000000000000000000
000100000000000001000000000000000000000
000100000000000001000000000000000000000
000010000000000001000000000000000000000
000010000000000001000000000000000000000
000010000000000001000000000000000000000
000010000000000001000000000000000000000
000010000000000010000000000000000000000
000010000000000010000000000000000000000
000010000000000010000000000000000000000
000010000000000010000000000000000000000
000001000000000010000000000000000000000
000001000000111111100000000000000000000
000001000000111111100000000000000000000
000001111111000000000000000000000000000