0000000001100000000000000000000000000000
0000000010010000000000000000000000000000
0000000100001100000000000000000000000000
0000000100001100000000000000000000000000
0000000100000010000000000000000000000000
0000000100000010000000000000000000000000
0000001000000001100000000000000000000000
0000010000000000011000000000000000000000
0000010000000000011000000000000000000000
0000010000000000000100000000000000000000
0000100000000000000011000000000000000000
0000100000000000000011000000000000000000
0001000000000000000000100000000000000000
0001000000000000000000100000000000000000
0001000000000000000000100000000000000000
0010000000000000000001000000000000000000
0010000000000000000001000000000000000000
0100000000000000000001000000000000000000
0100000000000000000010000000000000000000
0100000000000000000010000000000000000000
1000000000000000000010000000000000000000
1000000000000000000010000000000000000000
1000000000000000000100000000000000000000
0110000000000000000100000000000000000000
0110000000000000000100000000000000000000
0001100000000000001000000000000000000000
0000011000000000001000000000000000000000
0000011000000000001000000000000000000000
0000000100000000010000000000000000000000
0000000000000000010000000000000000000000
0000000011000000010000000000000000000000
0000000000110000100000000000000000000000
0000000000110000100000000000000000000000
0000000000001100100000000000000000000000
0000000000000011000000000000000000000000
