0000000111000000000000000000000000000000
0000000100111100000000000000000000000000
0000001000000011111000000000000000000000
0000001000000011111000000000000000000000
0000001000000000000111000000000000000000
0000001000000000000000000000000000000000
0000001000000000000000000000000000000000
0000001000000000000000100000000000000000
0000011000000000000000100000000000000000
0000010000000000000000100000000000000000
0000010000000000000001000000000000000000
0000010000000000000001000000000000000000
0000010000000000000001000000000000000000
0000010000000000000010000000000000000000
0000010000000000000010000000000000000000
0000100000000000000010000000000000000000
0000100000000000000010000000000000000000
0000100000000000000010000000000000000000
0000100000000000000100000000000000000000
0000100000000000000100000000000000000000
0000100000000000000100000000000000000000
0001100000000000001000000000000000000000
0001100000000000001000000000000000000000
0001011000000000001000000000000000000000
0001011000000000001000000000000000000000
0000000110000000010000000000000000000000
0000000001110000010000000000000000000000
0000000001110000010000000000000000000000
0000000000001100010000000000000000000000
0000000000000011100000000000000000000000
