0000000000000000100000000000000000000000
0000000000000001001000000000000000000000
0000000000000001001000000000000000000000
0000000000000110000100000000000000000000
0000000000000110000100000000000000000000
0000000000001000000100000000000000000000
0000000000010000000010000000000000000000
0000000000010000000010000000000000000000
0000000000100000000001000000000000000000
0000000000000000000001000000000000000000
0000000001000000000001000000000000000000
0000000110000000000000100000000000000000
0000000110000000000000100000000000000000
0000001000000000000000100000000000000000
0000010000000000000000010000000000000000
0000010000000000000000010000000000000000
0000000100000000000000001000000000000000
0000000000000000000000001000000000000000
0000000010000000000000001000000000000000
0000000010000000000000000100000000000000
0000000010000000000000000100000000000000
0000000001000000000000000000000000000000
0000000001000000000000000010000000000000
0000000001000000000000000010000000000000
0000000000100000000000001100000000000000
0000000000100000000000110000000000000000
0000000000100000000000110000000000000000
0000000000010000000001000000000000000000
0000000000010000000001000000000000000000
0000000000010000000110000000000000000000
0000000000001000001000000000000000000000
0000000000001000001000000000000000000000
0000000000001000110000000000000000000000
0000000000000101000000000000000000000000
0000000000000111000000000000000000000000
0000000000000100000000000000000000000000
0000000000000000000000000000000000000000