0011111111000000000000000000000000000000
0010000000111011111010000000000000000000
0010000000111111111010000000000000000000
0010000000000000000010000000000000000000
0010000000000000000010000000000000000000
0010000000000000000010000000000000000000
0010000000000000000010000000000000000000
0010000000000000000010000000000000000000
0010000000000000000010000000000000000000
0010000000000000000100000000000000000000
0010000000000000000100000000000000000000
0010000000000000000100000000000000000000
0010000000000000000100000000000000000000
0010000000000000000100000000000000000000
0100000000000000000100000000000000000000
0100000000000000000100000000000000000000
0100000000000000000100000000000000000000
0100000000000000000100000000000000000000
0100000000000000000100000000000000000000
0100000000000000000100000000000000000000
0100000000000000000100000000000000000000
0100000000000000000100000000000000000000
0100000000000000001000000000000000000000
0100000000000000001000000000000000000000
0100000000000000001000000000000000000000
0100000000000000001000000000000000000000
0100000000000000001000000000000000000000
0100000000000000001000000000000000000000
0100000000000000001000000000000000000000
0000000000111111111000000000000000000000
0111111111000000000000000000000000000000
