0000000000000000100000000000000000000000
0000000000000001011000000000000000000000
0000000000000001011000000000000000000000
0000000000000010000100000000000000000000
0000000000000010000000000000000000000000
0000000000000010000010000000000000000000
0000000000000100000001100000000000000000
0000000000000100000001100000000000000000
0000000000001000000000010000000000000000
0000000000010000000000001100000000000000
0000000000010000000000001100000000000000
0000000000010000000000000010000000000000
0000000000010000000000000010000000000000
0000000000100000000000000001000000000000
0000000001000000000000000000110000000000
0000000001000000000000000000110000000000
0000000010000000000000000000011000000000
0000000010000000000000000000100000000000
0000000010000000000000000000100000000000
0000000100000000000000000000100000000000
0000000100000000000000000000100000000000
0000001000000000000000000001000000000000
0000000100000000000000000010000000000000
0000000100000000000000000010000000000000
0000000010000000000000000100000000000000
0000000001100000000000000100000000000000
0000000001100000000000000100000000000000
0000000000010000000000001000000000000000
0000000000010000000000001000000000000000
0000000000001000000000010000000000000000
0000000000000110000000100000000000000000
0000000000000110000000100000000000000000
0000000000000001000000100000000000000000
0000000000000000100001000000000000000000
0000000000000000100001000000000000000000
0000000000000000011000000000000000000000
0000000000000000011000000000000000000000