0000000000000101111111000000000000000000
0000000000000111111111000000000000000000
0000000000000100000000111111111000000000
0000000000000100000000111111111000000000
0000000000000100000000000000010000000000
0000000000000100000000000000010000000000
0000000000000100000000000000010000000000
0000000000000100000000000000010000000000
0000000000000100000000000000010000000000
0000000000000100000000000000010000000000
0000000000000100000000000000010000000000
0000000000000100000000000000010000000000
0000000000000100000000000000010000000000
0000000000001000000000000000010000000000
0000000000001000000000000000010000000000
0000000000001000000000000000010000000000
0000000000001000000000000000010000000000
0000000000001000000000000000010000000000
0000000000001000000000000000010000000000
0000000000001000000000000000010000000000
0000000000001000000000000000010000000000
0000000000001000000000000000010000000000
0000000000001000000000000000010000000000
0000000000001000000000000000010000000000
0000000000001000000000000000010000000000
0000000000001000000000000000010000000000
0000000000001111100000000000010000000000
0000000000001111100000000000010000000000
0000000000000000011111111000000000000000
0000000000000000000000000111100000000000