0000000000000000001110000000000000000000
0000000000001111000010000000000000000000
0000000000001111110010000000000000000000
0000000111110000000001000000000000000000
0000000111110000000001000000000000000000
0000111000000000000001000000000000000000
0000010000000000000001000000000000000000
0000010000000000000001000000000000000000
0000010000000000000001000000000000000000
0000010000000000000000100000000000000000
0000010000000000000000100000000000000000
0000001000000000000000100000000000000000
0000001000000000000000100000000000000000
0000001000000000000000100000000000000000
0000001000000000000000100000000000000000
0000001000000000000000100000000000000000
0000001000000000000000010000000000000000
0000001000000000000000010000000000000000
0000001000000000000000010000000000000000
0000000100000000000000010000000000000000
0000000100000000000000010000000000000000
0000000100000000000000010000000000000000
0000000100000000000000001000000000000000
0000000100000000000000001000000000000000
0000000100000000000000001000000000000000
0000000100000000011111111000000000000000
0000000100000000011111111000000000000000
0000000010111111100000000000000000000000
0000000010111111100000000000000000000000
