0000000001000000000000000000000000000000
0000000010110000000000000000000000000000
0000000010110000000000000000000000000000
0000000010001000000000000000000000000000
0000000100000110000000000000000000000000
0000000100000110000000000000000000000000
0000000100000001000000000000000000000000
0000000100000001000000000000000000000000
0000001000000000110000000000000000000000
0000010000000000001100000000000000000000
0000010000000000001100000000000000000000
0000010000000000000010000000000000000000
0000100000000000000001100000000000000000
0000100000000000000001100000000000000000
0000100000000000000001010000000000000000
0000100000000000000001010000000000000000
0001000000000000000001000000000000000000
0001000000000000000010000000000000000000
0001000000000000000010000000000000000000
0001100000000000000100000000000000000000
0000010000000000001000000000000000000000
0000010000000000001000000000000000000000
0000001000000000001000000000000000000000
0000000000000000001000000000000000000000
0000000110000000010000000000000000000000
0000000001000000100000000000000000000000
0000000001000000100000000000000000000000
0000000000100000100000000000000000000000
0000000000011001000000000000000000000000
0000000000011001000000000000000000000000
0000000000000100000000000000000000000000