000000000000000110100000000000000000000
000000000000001000010000000000000000000
000000000000001000010000000000000000000
000000000000010000010000000000000000000
000000000001100000001000000000000000000
000000000001100000001000000000000000000
000000000010000000000100000000000000000
000000000000000000000000000000000000000
000000000100000000000010000000000000000
000000001000000000000010000000000000000
000000001000000000000010000000000000000
000000110000000000000001000000000000000
000001000000000000000000100000000000000
000001000000000000000000100000000000000
000010000000000000000000010000000000000
000010000000000000000000010000000000000
000100000000000000000000010000000000000
000010000000000000000000001000000000000
000010000000000000000000001000000000000
000001000000000000000000000100000000000
000000100000000000000000001000000000000
000000100000000000000000001000000000000
000000010000000000000000010000000000000
000000010000000000000000010000000000000
000000001000000000000000100000000000000
000000000100000000000001000000000000000
000000000100000000000001000000000000000
000000000100000000000010000000000000000
000000000010000000001100000000000000000
000000000010000000001100000000000000000
000000000001000000010000000000000000000
000000000001000000010000000000000000000
000000000000100000100000000000000000000
000000000000010001000000000000000000000
000000000000010001000000000000000000000
000000000000001010000000000000000000000
000000000000000100000000000000000000000