0000000000000000011000000000000000000000
0000000000000000111000000000000000000000
0000000000000011001000000000000000000000
0000000000000011001000000000000000000000
0000000000001100000100000000000000000000
0000000000110000000100000000000000000000
0000000000110000000100000000000000000000
0000000011000000000100000000000000000000
0000000000000000000100000000000000000000
0000001100000000000010000000000000000000
0000110000000000000010000000000000000000
0000110000000000000010000000000000000000
0001000000000000000001000000000000000000
0000100000000000000001000000000000000000
0000100000000000000001000000000000000000
0000100000000000000000100000000000000000
0000100000000000000000100000000000000000
0000010000000000000000100000000000000000
0000001000000000000000100000000000000000
0000001000000000000000100000000000000000
0000001000000000000000010000000000000000
0000000100000000000000010000000000000000
0000000100000000000000010000000000000000
0000000010000000000000001100000000000000
0000000010000000000000001100000000000000
0000000010000000000000111000000000000000
0000000001000000000001000000000000000000
0000000001000000000001000000000000000000
0000000001000000000110000000000000000000
0000000000100000001000000000000000000000
0000000000100000001000000000000000000000
0000000000010000110000000000000000000000
0000000000010000110000000000000000000000
0000000000010011000000000000000000000000
0000000000001100000000000000000000000000