0000000000000000000011100000000000000000
0000000000000000001100010000000000000000
0000000000000000110000001000000000000000
0000000000000000110000001000000000000000
0000000000000011000000000100000000000000
0000000000000000000000000100000000000000
0000000000001100000000000100000000000000
0000000000110000000000000010000000000000
0000000000110000000000000010000000000000
0000000000100000000000000001000000000000
0000000000010000000000000000100000000000
0000000000010000000000000000100000000000
0000000000001000000000000000100000000000
0000000000001000000000000000100000000000
0000000000000100000000000000010000000000
0000000000000100000000000000100000000000
0000000000000100000000000000100000000000
0000000000000010000000000001000000000000
0000000000000001000000000010000000000000
0000000000000001000000000010000000000000
0000000000000000100000001100000000000000
0000000000000000100000001100000000000000
0000000000000000100000010000000000000000
0000000000000000010000100000000000000000
0000000000000000010000100000000000000000
0000000000000000001001000000000000000000
0000000000000000000010000000000000000000