0000000000001111111111111111111000000000
0000000000001000000000000000001000000000
0000000000001000000000000000001000000000
0000000000001000000000000000001000000000
0000000000001000000000000000001000000000
0000000000001000000000000000001000000000
0000000000001000000000000000010000000000
0000000000001000000000000000010000000000
0000000000001000000000000000010000000000
0000000000001000000000000000010000000000
0000000000001000000000000000010000000000
0000000000001000000000000000010000000000
0000000000001000000000000000010000000000
0000000000010000000000000000100000000000
0000000000010000000000000000100000000000
0000000000010000000000000000100000000000
0000000000010000000000000000100000000000
0000000000010000000000000000100000000000
0000000000010000000000000000100000000000
0000000000010000000000000001000000000000
0000000000010000000000000001000000000000
0000000000010000000000000001000000000000
0000000000010000000000000001000000000000
0000000000010000000000000001000000000000
0000000000010000000000000001000000000000
0000000000010000000000000010000000000000
0000000000010000000000000010000000000000
0000000000011111000000000010000000000000
0000000000011111000000000010000000000000
0000000000000000111111110010000000000000
0000000000000000000000001111100000000000
0000000000000000000000001111100000000000