0000000011100000000000000000000000000000
0000000100011111000000000000000000000000
0000000100011011000000000000000000000000
0000000100000000111110000000000000000000
0000000100000000000001110000000000000000
0000000100000000000001110000000000000000
0000000100000000000001000000000000000000
0000001000000000000001000000000000000000
0000001000000000000001000000000000000000
0000001000000000000001000000000000000000
0000001000000000000001000000000000000000
0000001000000000000001000000000000000000
0000001000000000000001000000000000000000
0000001000000000000001000000000000000000
0000001000000000000001000000000000000000
0000001000000000000001000000000000000000
0000001000000000000001000000000000000000
0000010000000000000001000000000000000000
0000010000000000000001000000000000000000
0000010000000000000010000000000000000000
0000010000000000000010000000000000000000
0000010000000000000010000000000000000000
0000011100000000000010000000000000000000
0000000000010000000010000000000000000000
0000000011110000000010000000000000000000
0000000000001111000010000000000000000000
0000000000001111000010000000000000000000
0000000000000000111010000000000000000000