0000000000000000000011000000000000000000
0000000000000000000101000000000000000000
0000000000000000000101000000000000000000
0000000000000000011000100000000000000000
0000000000000000100000010000000000000000
0000000000000000100000010000000000000000
0000000000000001000000010000000000000000
0000000000000001000000010000000000000000
0000000000000110000000001000000000000000
0000000000001000000000000100000000000000
0000000000001000000000000100000000000000
0000000000010000000000000010000000000000
0000000000100000000000000010000000000000
0000000001100000000000000010000000000000
0000000010000000000000000001000000000000
0000000010000000000000000001000000000000
0000000110000000000000000000100000000000
0000000001000000000000000000110000000000
0000000001000000000000000000110000000000
0000000000100000000000000000110000000000
0000000000010000000000000001000000000000
0000000000010000000000000001000000000000
0000000000010000000000000010000000000000
0000000000010000000000000010000000000000
0000000000001000000000000100000000000000
0000000000000100000000001000000000000000
0000000000000100000000001000000000000000
0000000000000010000000010000000000000000
0000000000000001000000100000000000000000
0000000000000001000000100000000000000000
0000000000000000100001000000000000000000
0000000000000000100001000000000000000000
0000000000000000100010000000000000000000
0000000000000000010100000000000000000000
0000000000000000010100000000000000000000
0000000000000000001000000000000000000000