0000111111110000000000000000000000000000
0000010000001111111100000000000000000000
0000010000000000000100000000000000000000
0000010000000000000100000000000000000000
0000010000000000000100000000000000000000
0000010000000000000100000000000000000000
0000010000000000001000000000000000000000
0000010000000000001000000000000000000000
0000010000000000001000000000000000000000
0000100000000000001000000000000000000000
0000100000000000001000000000000000000000
0000100000000000001000000000000000000000
0000100000000000010000000000000000000000
0000100000000000010000000000000000000000
0000100000000000010000000000000000000000
0000100000000000010000000000000000000000
0000100000000000010000000000000000000000
0000100000000000010000000000000000000000
0000100000000000010000000000000000000000
0000100000000000010000000000000000000000
0000011110000000100000000000000000000000
0000000010000000100000000000000000000000
0000000001110000100000000000000000000000
0000000000001111100000000000000000000000