0000000000111111111111110100000000000000
0000000000000000000000000100000000000000
0000000000010000000000000100000000000000
0000000000010000000000000100000000000000
0000000000010000000000000100000000000000
0000000000010000000000000100000000000000
0000000000010000000000000100000000000000
0000000000010000000000000100000000000000
0000000000010000000000000100000000000000
0000000000010000000000000100000000000000
0000000000010000000000001000000000000000
0000000000010000000000001000000000000000
0000000000010000000000001000000000000000
0000000000010000000000001000000000000000
0000000000010000000000001000000000000000
0000000000010000000000001000000000000000
0000000000010000000000001000000000000000
0000000000010000000000001000000000000000
0000000000010000000000001000000000000000
0000000000010000000000001000000000000000
0000000000010000001111111100000000000000
0000000000010000001111111100000000000000
0000000000011111110000000000000000000000