0000000000110000000000000000000000000000
0000000000111000000000000000000000000000
0000000000110000000000000000000000000000
0000000001000110000000000000000000000000
0000000001000001000000000000000000000000
0000000001000001000000000000000000000000
0000000010000000110000000000000000000000
0000000100000000001000000000000000000000
0000000100000000001000000000000000000000
0000000100000000000110000000000000000000
0000000100000000000110000000000000000000
0000001000000000000001100000000000000000
0000001000000000000001010000000000000000
0000001000000000000001010000000000000000
0000010000000000000001000000000000000000
0000000000000000000010000000000000000000
0000100000000000000010000000000000000000
0000100000000000000010000000000000000000
0000000000000000000000000000000000000000
0001000000000000000100000000000000000000
0000010000000000001000000000000000000000
0000010000000000001000000000000000000000
0000001100000000001000000000000000000000
0000000011000000010000000000000000000000
0000000011000000010000000000000000000000
0000000000100000010000000000000000000000
0000000000100000010000000000000000000000
0000000000011000100000000000000000000000
0000000000000110100000000000000000000000
0000000000000110100000000000000000000000
0000000000000001000000000000000000000000