0000000000001000000000000000000000000000
0000000000010100000000000000000000000000
0000000000010100000000000000000000000000
0000000000100010000000000000000000000000
0000000001100010000000000000000000000000
0000000001000001000000000000000000000000
0000000010000000100000000000000000000000
0000000010000000100000000000000000000000
0000000100000000010000000000000000000000
0000000100000000001100000000000000000000
0000000100000000001100000000000000000000
0000001000000000000010000000000000000000
0000001000000000000010000000000000000000
0000010000000000000001000000000000000000
0000100000000000000000100000000000000000
0000100000000000000000100000000000000000
0001000000000000000000011000000000000000
0010000000000000000000011000000000000000
0010000000000000000000011000000000000000
0100000000000000000000100000000000000000
0100000000000000000000100000000000000000
0010000000000000000001000000000000000000
0001000000000000000001000000000000000000
0001000000000000000001000000000000000000
0000100000000000000010000000000000000000
0000010000000000000100000000000000000000
0000010000000000000100000000000000000000
0000001000000000001000000000000000000000
0000001000000000001000000000000000000000
0000000110000000010000000000000000000000
0000000001000000100000000000000000000000
0000000001000000100000000000000000000000
0000000000100000100000000000000000000000
0000000000010001000000000000000000000000
0000000000010001000000000000000000000000
0000000000001010000000000000000000000000
0000000000001010000000000000000000000000
0000000000000100000000000000000000000000