0000000000110000000000000000000000000000
0000000000101100000000000000000000000000
0000000000101100000000000000000000000000
0000000001000011000000000000000000000000
0000000001000011000000000000000000000000
0000000001000000110000000000000000000000
0000000010000000001110000000000000000000
0000000010000000001110000000000000000000
0000000010000000000001100000000000000000
0000000100000000000000011000000000000000
0000000100000000000000011000000000000000
0000000100000000000000000110000000000000
0000000100000000000000000110000000000000
0000001000000000000000000100000000000000
0000001000000000000000001000000000000000
0000001000000000000000001000000000000000
0000010000000000000000001000000000000000
0000010000000000000000010000000000000000
0000010000000000000000010000000000000000
0000100000000000000000010000000000000000
0000100000000000000000010000000000000000
0000100000000000000000100000000000000000
0001000000000000000000100000000000000000
0001000000000000000000100000000000000000
0001000000000000000001000000000000000000
0000000000000000000001000000000000000000
0000000000000000000001000000000000000000
0110000000000000000001000000000000000000
0010100000000000000001000000000000000000
0001111000000000000010000000000000000000
0000000111000000000010000000000000000000
0000000111000000000010000000000000000000
0000000000111000000100000000000000000000
0000000000000111100100000000000000000000
0000000000000111100100000000000000000000
0000000000000000011000000000000000000000