0000001111111000000000000000000000000000
0000001010000111111110000000000000000000
0000001000000111111110000000000000000000
0000001000000000000000100000000000000000
0000001000000000000000100000000000000000
0000010000000000000000100000000000000000
0000010000000000000000100000000000000000
0000010000000000000000100000000000000000
0000010000000000000000100000000000000000
0000010000000000000000100000000000000000
0000010000000000000000100000000000000000
0000010000000000000001000000000000000000
0000010000000000000001000000000000000000
0000100000000000000001000000000000000000
0000100000000000000001000000000000000000
0000100000000000000001000000000000000000
0000100000000000000001000000000000000000
0000100000000000000001000000000000000000
0000100000000000000001000000000000000000
0000100000000000000001000000000000000000
0000100000000000000001000000000000000000
0000100000000000000001000000000000000000
0001000000000000000001000000000000000000
0001000000000000000001000000000000000000
0001111000000000000001000000000000000000
0000000111000000000010000000000000000000
0000000111000000000010000000000000000000
0000000000111100000010000000000000000000
0000000000111100000010000000000000000000
0000000000000011110010000000000000000000
0000000000000000001110000000000000000000