0000000000000000010000000000000000000000
0000000000000000101000000000000000000000
0000000000000000101000000000000000000000
0000000000000001001000000000000000000000
0000000000000110000100000000000000000000
0000000000000110000100000000000000000000
0000000000001000000010000000000000000000
0000000000010000000001000000000000000000
0000000000010000000001000000000000000000
0000000000100000000001000000000000000000
0000000000100000000000000000000000000000
0000000001000000000000100000000000000000
0000000110000000000000010000000000000000
0000000110000000000000010000000000000000
0000001000000000000000001000000000000000
0000010000000000000000001000000000000000
0000010000000000000000001000000000000000
0000110000000000000000000010000000000000
0001100000000000000000000100000000000000
0000100000000000000000000010000000000000
0000010000000000000000000001100000000000
0000010000000000000000000001100000000000
0000001000000000000000000001000000000000
0000000100000000000000000110100000000000
0000000100000000000000000110100000000000
0000000010000000000000001000000000000000
0000000010000000000000001000000000000000
0000000001000000000000010000000000000000
0000000001000000000001100000000000000000
0000000001000000000001100000000000000000
0000000000100000000010000000000000000000
0000000000010000000100000000000000000000
0000000000010000000100000000000000000000
0000000000001000011000000000000000000000
0000000000001000011000000000000000000000
0000000000000100100000000000000000000000
0000000000000011000000000000000000000000