0000000001111111000000000000000000000000
0000000000000000111111110000000000000000
0000000000100000000000000000000000000000
0000000000100000000000000000000000000000
0000000000100000000000010000000000000000
0000000000100000000000010000000000000000
0000000001000000000000010000000000000000
0000000001000000000000010000000000000000
0000000001000000000000010000000000000000
0000000001000000000000100000000000000000
0000000001000000000000100000000000000000
0000000001000000000000100000000000000000
0000000010000000000000100000000000000000
0000000010000000000000100000000000000000
0000000010000000000000100000000000000000
0000000010000000000001000000000000000000
0000000010000000000001000000000000000000
0000000010000000000001000000000000000000
0000000100000000000001000000000000000000
0000000100000000000001000000000000000000
0000000100000000000001000000000000000000
0000000100000000000001000000000000000000
0000000100000000000001000000000000000000
0000000111100000000010000000000000000000
0000000111100000000010000000000000000000
0000000000011111100010000000000000000000
0000000000000000011110000000000000000000