0000000000000000000000111111000000000000
0000000000000011111111000001000000000000
0000000000000011111111000001000000000000
0000000010111100000000000001000000000000
0000000010000000000000000000100000000000
0000000010000000000000000000100000000000
0000000001000000000000000000100000000000
0000000001000000000000000000100000000000
0000000001000000000000000000100000000000
0000000000100000000000000000100000000000
0000000000100000000000000000100000000000
0000000000100000000000000000010000000000
0000000000100000000000000000010000000000
0000000000100000000000000000010000000000
0000000000010000000000000000010000000000
0000000000010000000000000000001000000000
0000000000010000000000000000001000000000
0000000000010000000000000000001000000000
0000000000010000000000000000001000000000
0000000000001000000000000000000000000000
0000000000001000000000000000000000000000
0000000000001000000000000000000000000000
0000000000000100000000000000000000000000
0000000000000100000000000000111000000000
0000000000000100000000000000111000000000
0000000000000100000000111111000000000000
0000000000000100000000111111000000000000
0000000000000010011111000000000000000000
0000000000000011100000000000000000000000