0000000000000000010000000000000000000000
0000000000000000011000000000000000000000
0000000000000000011000000000000000000000
0000000000000000100100000000000000000000
0000000000000000100100000000000000000000
0000000000000011000010000000000000000000
0000000000000100000001000000000000000000
0000000000000100000001000000000000000000
0000000000001000000000100000000000000000
0000000000010000000000010000000000000000
0000000000010000000000010000000000000000
0000000000100000000000001000000000000000
0000000000100000000000001000000000000000
0000000011000000000000000100000000000000
0000000100000000000000000010000000000000
0000000100000000000000000010000000000000
0000001000000000000000000001000000000000
0000001000000000000000000000100000000000
0000000000000000000000000000100000000000
0000001000000000000000000011000000000000
0000001000000000000000000011000000000000
0000000100000000000000000100000000000000
0000000010000000000000011000000000000000
0000000010000000000000011000000000000000
0000000001000000000000100000000000000000
0000000000100000000001000000000000000000
0000000000100000000001000000000000000000
0000000000010000000110000000000000000000
0000000000010000000110000000000000000000
0000000000001000001000000000000000000000
0000000000000100110000000000000000000000
0000000000000100110000000000000000000000
0000000000000011000000000000000000000000
0000000000000001000000000000000000000000
