000000000000001100000000000000000000000
000000000000010011000000000000000000000
000000000000010000110000000000000000000
000000000000010000110000000000000000000
000000000000100000001100000000000000000
000000000000100000000011000000000000000
000000000000100000000011000000000000000
000000000001000000000000110000000000000
000000000001000000000000110000000000000
000000000010000000000000001100000000000
000000000010000000000000000010000000000
000000000010000000000000000010000000000
000000000100000000000000000100000000000
000000000100000000000000001000000000000
000000000100000000000000001000000000000
000000001000000000000000001000000000000
000000001000000000000000001000000000000
000000001100000000000000010000000000000
000000000010000000000000100000000000000
000000000010000000000000100000000000000
000000000001000000000000100000000000000
000000000000100000000001000000000000000
000000000000100000000001000000000000000
000000000000011000000010000000000000000
000000000000011000000010000000000000000
000000000000000100000010000000000000000
000000000000000010000100000000000000000
000000000000000010000100000000000000000
000000000000000001001000000000000000000
000000000000000000101000000000000000000
000000000000000000101000000000000000000
000000000000000000010000000000000000000