00000011111111111111000000000000000000
00000010000000000001000000000000000000
00000010000000000001000000000000000000
00000010000000000001000000000000000000
00000010000000000001000000000000000000
00000010000000000001000000000000000000
00000010000000000001000000000000000000
00000010000000000001000000000000000000
00000010000000000001000000000000000000
00000010000000000001000000000000000000
00000010000000000001000000000000000000
00000010000000000000100000000000000000
00000100000000000000100000000000000000
00000100000000000000100000000000000000
00000100000000000000100000000000000000
00000100000000000000100000000000000000
00000100000000000000100000000000000000
00000100000000000000100000000000000000
00000100000000000000100000000000000000
00000100000000000000100000000000000000
00000100000000000000100000000000000000
00000100000000000000100000000000000000
00000100000000000111100000000000000000
00000000000001111000000000000000000000
00000000000111111000000000000000000000
00000001111000000000000000000000000000