0000000000000010110000000000000000000000
0000000000000010110000000000000000000000
0000000000000100001100000000000000000000
0000000000000100001100000000000000000000
0000000000000100000011000000000000000000
0000000000000100000000111000000000000000
0000000000000100000000111000000000000000
0000000000001000000000000110000000000000
0000000000001000000000000000100000000000
0000000000001000000000000001100000000000
0000000000001000000000000000011000000000
0000000000001000000000000000011000000000
0000000000010000000000000000001000000000
0000000000010000000000000000010000000000
0000000000010000000000000000010000000000
0000000000010000000000000000010000000000
0000000000100000000000000000100000000000
0000000000100000000000000000100000000000
0000000000100000000000000000100000000000
0000000000100000000000000000100000000000
0000000001100000000000000001000000000000
0000000001110000000000000001000000000000
0000000001110000000000000001000000000000
0000000001001000000000000010000000000000
0000000000000110000000000010000000000000
0000000000000110000000000010000000000000
0000000000000001000000000100000000000000
0000000000000001000000000100000000000000
0000000000000000110000000100000000000000
0000000000000000001100001000000000000000
0000000000000000001100001000000000000000
0000000000000000000010001000000000000000
0000000000000000000001110000000000000000
