00000000000000011000000000000000000000
00000000000001100100000000000000000000
00000000001110000100000000000000000000
00000000001110000100000000000000000000
00000000110000000010000000000000000000
00000000110000000010000000000000000000
00000111000000000010000000000000000000
00001100000000000010000000000000000000
00001100000000000010000000000000000000
00000100000000000010000000000000000000
00000010000000000001000000000000000000
00000010000000000001000000000000000000
00000010000000000001000000000000000000
00000010000000000001000000000000000000
00000010000000000001000000000000000000
00000010000000000001000000000000000000
00000010000000000001000000000000000000
00000001000000000000100000000000000000
00000001000000000000100000000000000000
00000001000000000000100000000000000000
00000001000000000000100000000000000000
00000001000000000000100000000000000000
00000001000000000000000000000000000000
00000001000000000001110000000000000000
00000001000000000001110000000000000000
00000000100000011110000000000000000000
00000000100111100000000000000000000000
00000000100111100000000000000000000000
00000000111000000000000000000000000000
