0000000000000000010000000000000000000000
0000000000000000101000000000000000000000
0000000000000001000100000000000000000000
0000000000000001000100000000000000000000
0000000000000001000010000000000000000000
0000000000000010000001000000000000000000
0000000000000010000001000000000000000000
0000000000000100000000100000000000000000
0000000000000100000000100000000000000000
0000000000001000000000100000000000000000
0000000000010000000000010000000000000000
0000000000010000000000010000000000000000
0000000000100000000000001000000000000000
0000000000100000000000000100000000000000
0000000000100000000000000100000000000000
0000000000010000000000000010000000000000
0000000000010000000000000010000000000000
0000000000001000000000000001000000000000
0000000000001000000000000010000000000000
0000000000001000000000000010000000000000
0000000000000100000000000100000000000000
0000000000000010000000001000000000000000
0000000000000010000000001000000000000000
0000000000000001000000110000000000000000
0000000000000001000000110000000000000000
0000000000000000100001000000000000000000
0000000000000000010010000000000000000000
0000000000000000010010000000000000000000
0000000000000000010100000000000000000000
0000000000000000001000000000000000000000
