00000001111111000000000000000000000000
00000000100000111111110000000000000000
00000000100000111111110000000000000000
00000000100000000000010000000000000000
00000000100000000000010000000000000000
00000000100000000000010000000000000000
00000000100000000000010000000000000000
00000000100000000000010000000000000000
00000000100000000000010000000000000000
00000001000000000000010000000000000000
00000001000000000000010000000000000000
00000001000000000000010000000000000000
00000001000000000000010000000000000000
00000001000000000000010000000000000000
00000001000000000000010000000000000000
00000001000000000000010000000000000000
00000001000000000000010000000000000000
00000001000000000000010000000000000000
00000001000000000000010000000000000000
00000010000000000000010000000000000000
00000010000000000000010000000000000000
00000010000000000000010000000000000000
00000010000000000000000000000000000000
00000010000000000000000000000000000000
00000011111111111111100000000000000000