00000000000000001111111100000000000000
00000000011111110000000000000000000000
00000000011111110000000000000000000000
00000000000100000000000100000000000000
00000000000100000000000100000000000000
00000000000100000000000100000000000000
00000000000100000000000100000000000000
00000000000100000000000100000000000000
00000000001000000000000100000000000000
00000000001000000000000100000000000000
00000000001000000000000100000000000000
00000000001000000000000100000000000000
00000000001000000000000100000000000000
00000000001000000000000100000000000000
00000000010000000000000100000000000000
00000000010000000000000100000000000000
00000000010000000000000100000000000000
00000000010000000000000100000000000000
00000000010000000000000100000000000000
00000000010000000000000100000000000000
00000000010000000000000100000000000000
00000000010000000000000100000000000000
00000000100000000000000100000000000000
00000000100000000000000100000000000000
00000000100000000000000100000000000000
00000000111111100000000100000000000000
00000000111111100000000100000000000000
00000000000000011111111100000000000000