0000000000000110000000000000000000000000
0000000000001001000000000000000000000000
0000000000001000100000000000000000000000
0000000000001000100000000000000000000000
0000000000010000010000000000000000000000
0000000000100000001000000000000000000000
0000000000100000001000000000000000000000
0000000001000000000110000000000000000000
0000000001000000000100000000000000000000
0000000010000000000001000000000000000000
0000000010000000000000100000000000000000
0000000010000000000000100000000000000000
0000000100000000000000010000000000000000
0000001000000000000000001000000000000000
0000001000000000000000001000000000000000
0000010000000000000000000110000000000000
0000010000000000000000000010000000000000
0000010000000000000000000010000000000000
0000100000000000000000000100000000000000
0000100000000000000000000100000000000000
0001000000000000000000001000000000000000
0000110000000000000000001000000000000000
0000110000000000000000001000000000000000
0000001000000000000000010000000000000000
0000001000000000000000010000000000000000
0000000100000000000000100000000000000000
0000000011000000000000100000000000000000
0000000011000000000000100000000000000000
0000000000100000000001000000000000000000
0000000000011000000001000000000000000000
0000000000011000000001000000000000000000
0000000000000100000010000000000000000000
0000000000000100000010000000000000000000
0000000000000010000100000000000000000000
0000000000000001100100000000000000000000
0000000000000001100100000000000000000000
0000000000000000011000000000000000000000