0000000011111111111111111000000000000000
0000000011111111111111111000000000000000
0000000010000000000000001000000000000000
0000000010000000000000001000000000000000
0000000010000000000000001000000000000000
0000000010000000000000001000000000000000
0000000010000000000000001000000000000000
0000000010000000000000001000000000000000
0000000010000000000000001000000000000000
0000000010000000000000001000000000000000
0000000010000000000000001000000000000000
0000000010000000000000001000000000000000
0000000010000000000000001000000000000000
0000000010000000000000001000000000000000
0000000010000000000000001000000000000000
0000000010000000000000001000000000000000
0000000010000000000000001000000000000000
0000000010000000000000001000000000000000
0000000010000000000000001000000000000000
0000000010000000000000001000000000000000
0000000010000000000000001000000000000000
0000000010000000000000001000000000000000
0000000010000000000000001000000000000000
0000000010000000000000001000000000000000
0000000010000000000000001000000000000000
0000000010000000000000001000000000000000
0000000010000000000000001000000000000000
0000000011111111111111111000000000000000