001111111111111111111000000000000000000
010000000000000000010000000000000000000
010000000000000000010000000000000000000
010000000000000000010000000000000000000
010000000000000000010000000000000000000
010000000000000000010000000000000000000
010000000000000000010000000000000000000
010000000000000000010000000000000000000
010000000000000000010000000000000000000
010000000000000000010000000000000000000
010000000000000000010000000000000000000
010000000000000000010000000000000000000
010000000000000000001000000000000000000
010000000000000000001000000000000000000
001000000000000000001000000000000000000
001000000000000000001000000000000000000
001000000000000000001000000000000000000
001000000000000000001000000000000000000
001000000000000000001000000000000000000
001000000000000000001000000000000000000
001000000000000000001000000000000000000
001000000000000000001000000000000000000
001000000000000000001000000000000000000
001000000000000000001000000000000000000
001000000000000000001000000000000000000
011111111111111111111000000000000000000