0000000000000000001110000000000000000000
0000000000000000110001000000000000000000
0000000000000000110001000000000000000000
0000000000000111000001000000000000000000
0000000000011000000001000000000000000000
0000000000011000000001000000000000000000
0000000011100000000000100000000000000000
0000000011100000000000100000000000000000
0000001100000000000000100000000000000000
0000110000000000000000100000000000000000
0001110000000000000000100000000000000000
0001100000000000000000010000000000000000
0001010000000000000000010000000000000000
0000010000000000000000010000000000000000
0000010000000000000000010000000000000000
0000010000000000000000010000000000000000
0000001000000000000000010000000000000000
0000001000000000000000001000000000000000
0000001000000000000000001000000000000000
0000000100000000000000001000000000000000
0000000100000000000000001000000000000000
0000000100000000000000001000000000000000
0000000010000000000000000100000000000000
0000000010000000000000000100000000000000
0000000010000000000000000101000000000000
0000000010000000000000000110000000000000
0000000010000000000000000110000000000000
0000000001000000000000011000000000000000
0000000001000000000000100000000000000000
0000000001000000000000100000000000000000
0000000000100000000011000000000000000000
0000000000100000000011000000000000000000
0000000000100000001100000000000000000000
0000000000010000010000000000000000000000
0000000000010000010000000000000000000000
0000000000010001100000000000000000000000
0000000000000110000000000000000000000000