0000000000000001000000000000000000000000
0000000000000101000000000000000000000000
0000000000011000100000000000000000000000
0000000000011000100000000000000000000000
0000000001100000100000000000000000000000
0000000010000000010000000000000000000000
0000000110000000010000000000000000000000
0000011000000000001000000000000000000000
0000010000000000001000000000000000000000
0001100000000000001000000000000000000000
0010000000000000000100000000000000000000
0010000000000000000100000000000000000000
0001000000000000000100000000000000000000
0001000000000000000010000000000000000000
0001000000000000000010000000000000000000
0000100000000000000000000000000000000000
0000000000000000000000000000000000000000
0000010000000000000001100000000000000000
0000010000000000000110000000000000000000
0000010000000000000110000000000000000000
0000001000000000011000000000000000000000
0000000100000001100000000000000000000000
0000000100000001100000000000000000000000
0000000100000110000000000000000000000000
0000000100000110000000000000000000000000
0000000010011000000000000000000000000000
0000000001100000000000000000000000000000
0000000001100000000000000000000000000000