0000000000001100000000000000000000000000
0000000000001011000000000000000000000000
0000000000001000110000000000000000000000
0000000000001000110000000000000000000000
0000000000010000001110000000000000000000
0000000000010000000000000000000000000000
0000000000010000000001100000000000000000
0000000000010000000000011001000000000000
0000000000010000000000011001000000000000
0000000000010000000000000111000000000000
0000000000100000000000000010000000000000
0000000000100000000000000010000000000000
0000000000100000000000000010000000000000
0000000000100000000000000010000000000000
0000000000100000000000000010000000000000
0000000001000000000000000010000000000000
0000000001000000000000000010000000000000
0000000001000000000000000100000000000000
0000000001000000000000000100000000000000
0000000001000000000000000100000000000000
0000000001000000000000000100000000000000
0000000010000000000000000100000000000000
0000000010000000000000000100000000000000
0000001110000000000000001000000000000000
0000001110000000000000001000000000000000
0000000011110000000000001000000000000000
0000000000001110000000001000000000000000
0000000000001110000000001000000000000000
0000000000000001110000001000000000000000
0000000000000000001111010000000000000000
0000000000000000001111010000000000000000
0000000000000000000000110000000000000000