0000000000000000001100000000000000000000
0000000000000000001100000000000000000000
0000000000000000010011000000000000000000
0000000000000000100000110000000000000000
0000000000000000100000110000000000000000
0000000000000001000000001100000000000000
0000000000000010000000000011000000000000
0000000000000010000000000011000000000000
0000000000000100000000000000110000000000
0000000000000100000000000000110000000000
0000000000000100000000000000001100000000
0000000000001000000000000000010000000000
0000000000001000000000000000010000000000
0000000000010000000000000000100000000000
0000000000100000000000000001000000000000
0000000000100000000000000001000000000000
0000000001000000000000000010000000000000
0000000001000000000000000010000000000000
0000000010000000000000000100000000000000
0000000001100000000000011000000000000000
0000000001100000000000011000000000000000
0000000000010000000000100000000000000000
0000000000001100000001000000000000000000
0000000000001100000001000000000000000000
0000000000000010000010000000000000000000
0000000000000010000010000000000000000000
0000000000000001100100000000000000000000
0000000000000000011000000000000000000000