0000000111000000000000000000000000000000
0000000111000000000000000000000000000000
0000001000110000000000000000000000000000
0000001000001100000000000000000000000000
0000001000001100000000000000000000000000
0000001000000011000000000000000000000000
0000011000000001000000000000000000000000
0000010000000000110000000000000000000000
0000010000000000001100010000000000000000
0000010000000000001100010000000000000000
0000010000000000000011100000000000000000
0000100000000000000000110000000000000000
0000100000000000000000110000000000000000
0000100000000000000001000000000000000000
0000100000000000000001000000000000000000
0000100000000000000001000000000000000000
0000100000000000000010000000000000000000
0000100000000000000010000000000000000000
0001000000000000000010000000000000000000
0001000000000000000100000000000000000000
0001000000000000000100000000000000000000
0001000000000000000100000000000000000000
0001000000000000000100000000000000000000
0011000000000000001000000000000000000000
0010110000000000001000000000000000000000
0010110000000000001000000000000000000000
0000001100000000010000000000000000000000
0000001011000000010000000000000000000000
0000000011000000010000000000000000000000
0000000000110000100000000000000000000000
0000000000110000100000000000000000000000
0000000000001100100000000000000000000000
0000000000000011000000000000000000000000