0000001111111111111111000000000000000000
0000000100000000000001000000000000000000
0000000100000000000001000000000000000000
0000000100000000000001000000000000000000
0000000100000000000000100000000000000000
0000000100000000000000100000000000000000
0000000100000000000000100000000000000000
0000000100000000000000100000000000000000
0000000100000000000000100000000000000000
0000000100000000000000100000000000000000
0000000100000000000000100000000000000000
0000000100000000000000100000000000000000
0000000010000000000000100000000000000000
0000000010000000000000100000000000000000
0000000010000000000000010000000000000000
0000000010000000000000010000000000000000
0000000010000000000000010000000000000000
0000000010000000000000010000000000000000
0000000010000000000000010000000000000000
0000000010000000000000010000000000000000
0000000010000000000111100000000000000000
0000000010000000000111100000000000000000
0000000010001111111000000000000000000000
0000000011110000000000000000000000000000