0000000000010110000000000000000000000000
0000000000010110000000000000000000000000
0000000000100001100000000000000000000000
0000000000100000011100000000000000000000
0000000000100000011100000000000000000000
0000000000100000000011000000000000000000
0000000001000000000000110000000000000000
0000000001000000000000110000000000000000
0000000001000000000000001100000000000000
0000000001000000000000001100000000000000
0000000001000000000000000010000000000000
0000000010000000000000000010000000000000
0000000010000000000000000010000000000000
0000000010000000000000000100000000000000
0000000010000000000000000100000000000000
0000000010000000000000000100000000000000
0000000010000000000000000100000000000000
0000000010000000000000000100000000000000
0000000100000000000000001000000000000000
0000000100000000000000001000000000000000
0000000100000000000000001000000000000000
0000000100000000000000010000000000000000
0000001000000000000000010000000000000000
0000001000000000000000010000000000000000
0000001000000000000000010000000000000000
0000001000000000000000010000000000000000
0000000011000000000000100000000000000000
0000000000111100000000100000000000000000
0000000000111100000000100000000000000000
0000000000000011100000100000000000000000
0000000000000000011111000000000000000000