0000000000000001100000000000000000000000
0000000000000010010000000000000000000000
0000000000000010001000000000000000000000
0000000000000010001000000000000000000000
0000000000000100000100000000000000000000
0000000000001000000110000000000000000000
0000000000001000000010000000000000000000
0000000000010000000001100000000000000000
0000000000010000000001100000000000000000
0000000000010000000000010000000000000000
0000000000100000000000001000000000000000
0000000000100000000000001000000000000000
0000000001000000000000000100000000000000
0000000010000000000000000010000000000000
0000000010000000000000000010000000000000
0000000010000000000000000100000000000000
0000000010000000000000000100000000000000
0000000100000000000000000100000000000000
0000000000000000000000001000000000000000
0000000000000000000000001000000000000000
0000000001000000000000010000000000000000
0000000000100000000000010000000000000000
0000000000100000000000010000000000000000
0000000000010000000000100000000000000000
0000000000010000000000100000000000000000
0000000000001000000001000000000000000000
0000000000000110000001000000000000000000
0000000000000110000001000000000000000000
0000000000000001000010000000000000000000
0000000000000000100100000000000000000000
0000000000000000100100000000000000000000
0000000000000000010100000000000000000000