0000000100000111111111000000000000000000
0000011111111000000000000000000000000000
0000011111111000000000000000000000000000
0000000100000000000100000000000000000000
0000001000000000000100000000000000000000
0000001000000000000100000000000000000000
0000001000000000000100000000000000000000
0000001000000000000100000000000000000000
0000001000000000001000000000000000000000
0000001000000000001000000000000000000000
0000001000000000001000000000000000000000
0000001000000000001000000000000000000000
0000010000000000001000000000000000000000
0000010000000000001000000000000000000000
0000010000000000001000000000000000000000
0000010000000000001000000000000000000000
0000010000000000010000000000000000000000
0000010000000000010000000000000000000000
0000010000000000010000000000000000000000
0000010000000000010000000000000000000000
0000100000000000010000000000000000000000
0000100000000000010000000000000000000000
0000100000000000010000000000000000000000
0000100000000000010000000000000000000000
0000111111100000100000000000000000000000
0000000000011111111000000000000000000000
0000000000011111111000000000000000000000
