00000000111000000000000000000000000000
00000000000111110000010000000000000000
00000001000100001111110000000000000000
00000001000000001111110000000000000000
00000001000000000000011100000000000000
00000001000000000000011100000000000000
00000001000000000000010000000000000000
00000001000000000000010000000000000000
00000001000000000000010000000000000000
00000001000000000000010000000000000000
00000001000000000000010000000000000000
00000001000000000000010000000000000000
00000001000000000000100000000000000000
00000001000000000000100000000000000000
00000001000000000000100000000000000000
00000001000000000000100000000000000000
00000001000000000000100000000000000000
00000001000000000000100000000000000000
00000001000000000000100000000000000000
00000001000000000000100000000000000000
00000001000000000000100000000000000000
00000001000000001000100000000000000000
00000011111111111111100000000000000000