000000000001000000000000000000000000000
000000000000100000000000000000000000000
000000000000100000000000000000000000000
000000000100010000000000000000000000000
000000001000001000000000000000000000000
000000001000001000000000000000000000000
000000010000000100000000000000000000000
000000010000000010000000000000000000000
000000010000000010000000000000000000000
000000100000000001100000000000000000000
000000100000000001100000000000000000000
000001000000000000010000000000000000000
000010000000000000001000000000000000000
000010000000000000001000000000000000000
000100000000000000000100000000000000000
001000000000000000000010000000000000000
001000000000000000000010000000000000000
001000000000000000000001100000000000000
000000000000000000000001100000000000000
010000000000000000000001100000000000000
001000000000000000000010000000000000000
001000000000000000000010000000000000000
000100000000000000000100000000000000000
000010000000000000000100000000000000000
000010000000000000000100000000000000000
000001000000000000001000000000000000000
000001000000000000001000000000000000000
000000100000000000010000000000000000000
000000010000000000100000000000000000000
000000010000000000100000000000000000000
000000001000000001000000000000000000000
000000000100000010000000000000000000000
000000000100000010000000000000000000000
000000000010000010000000000000000000000
000000000010000010000000000000000000000
000000000001000100000000000000000000000
000000000000101000000000000000000000000
000000000000101000000000000000000000000
000000000000010000000000000000000000000