000000000000100000000000000000000000000
000000000011010000000000000000000000000
000000000011010000000000000000000000000
000000000100010000000000000000000000000
000000000100010000000000000000000000000
000000001000001000000000000000000000000
000000110000000100000000000000000000000
000000110000000100000000000000000000000
000001000000000100000000000000000000000
000010000000000010000000000000000000000
000010000000000010000000000000000000000
001100000000000001000000000000000000000
001100000000000001000000000000000000000
010000000000000001000000000000000000000
010000000000000000100000000000000000000
010000000000000000100000000000000000000
001000000000000000100000000000000000000
001000000000000000010000000000000000000
001000000000000000010000000000000000000
000100000000000000001000000000000000000
000100000000000000001000000000000000000
000010000000000000011000000000000000000
000001000000000001100000000000000000000
000001000000000001100000000000000000000
000001000000000010000000000000000000000
000000100000000000000000000000000000000
000000100000000100000000000000000000000
000000010000001000000000000000000000000
000000010000001000000000000000000000000
000000010000110000000000000000000000000
000000001001000000000000000000000000000
000000001001000000000000000000000000000
000000000010000000000000000000000000000