00000000000000011000000000000000000000
00000000000011110000000000000000000000
00000000011100010000000000000000000000
00000000011100010000000000000000000000
00000001100000001000000000000000000000
00000001100000001000000000000000000000
00001110000000001000000000000000000000
01110000000000000100000000000000000000
01110000000000000100000000000000000000
01000000000000000100000000000000000000
01000000000000000100000000000000000000
00100000000000000100000000000000000000
00100000000000000010000000000000000000
00100000000000000010000000000000000000
00010000000000000010000000000000000000
00010000000000000010000000000000000000
00010000000000000010000000000000000000
00001000000000000001000000000000000000
00001000000000000001000000000000000000
00001000000000000001000000000000000000
00000100000000000000100000000000000000
00000100000000000000100000000000000000
00000100000000000001100000000000000000
00000010000000000110000000000000000000
00000010000000000110000000000000000000
00000010000000011000000000000000000000
00000001000011100000000000000000000000
00000001000011100000000000000000000000
00000001001100000000000000000000000000
00000000001100000000000000000000000000