00000000000000000000000011111000000000
00000000000000011111111100000000000000
00000000000000011111111100000000000000
00000000011111100000000000010000000000
00000000010000000000000000010000000000
00000000010000000000000000010000000000
00000000010000000000000000010000000000
00000000010000000000000000010000000000
00000000010000000000000000010000000000
00000000010000000000000000010000000000
00000000010000000000000000010000000000
00000000010000000000000000010000000000
00000000010000000000000000010000000000
00000000010000000000000000010000000000
00000000010000000000000000010000000000
00000000001000000000000000010000000000
00000000001000000000000000010000000000
00000000001000000000000000010000000000
00000000001000000000000000010000000000
00000000001000000000000000010000000000
00000000001000000000000000010000000000
00000000001000000000000000010000000000
00000000001000000000000000010000000000
00000000001000000000000000010000000000
00000000001000000000000000010000000000
00000000001000000000000000010000000000
00000000001000000000000000010000000000
00000000001000000000000000010000000000
00000000001111111111111111110000000000