00000000001010000000000000000000000000
00000000001000000000000000000000000000
00000000001001100000000000000000000000
00000000010000010000000000000000000000
00000000010000010000000000000000000000
00000000100000001000000000000000000000
00000000100000000110000000000000000000
00000000100000000110000000000000000000
00000001000000000001000000000000000000
00000001000000000001000000000000000000
00000010000000000000100000000000000000
00000010000000000000011000000000000000
00000010000000000000011000000000000000
00000100000000000000000110000000000000
00000100000000000000000100000000000000
00000100000000000000000100000000000000
00001000000000000000001000000000000000
00001000000000000000001000000000000000
00010000000000000000001000000000000000
00010000000000000000010000000000000000
00010000000000000000010000000000000000
00000000000000000000100000000000000000
00011000000000000001000000000000000000
00011000000000000001000000000000000000
00000110000000000001000000000000000000
00000100000000000001000000000000000000
00000001000000000010000000000000000000
00000000110000000100000000000000000000
00000000110000000100000000000000000000
00000000001100001000000000000000000000
00000000000011001000000000000000000000
00000000000011001000000000000000000000
00000000000000110000000000000000000000