000000000000000000011000000000000000000
000000000000000001101000000000000000000
000000000000000001101000000000000000000
000000000000000110000100000000000000000
000000000000000110000100000000000000000
000000000000011000000100000000000000000
000000000001100000000010000000000000000
000000000001100000000010000000000000000
000000000110000000000010000000000000000
000000011000000000000001000000000000000
000000011000000000000001000000000000000
000000001000000000000001000000000000000
000000001000000000000001000000000000000
000000001000000000000000100000000000000
000000000100000000000000100000000000000
000000000100000000000000100000000000000
000000000100000000000000010000000000000
000000000010000000000000000000000000000
000000000010000000000000000000000000000
000000000010000000000000001000000000000
000000000010000000000000001000000000000
000000000010000000000000110000000000000
000000000001000000000011000000000000000
000000000001000000000011000000000000000
000000000001000000000100000000000000000
000000000001000000011000000000000000000
000000000001000000011000000000000000000
000000000000100000100000000000000000000
000000000000100000100000000000000000000
000000000000100011000000000000000000000
000000000000011100000000000000000000000
000000000000011100000000000000000000000