0000000001110000000000000000000000000000
0000000001001110000000000000000000000000
0000000001001110000000000000000000000000
0000000010000001100000000000000000000000
0000000010000001100000000000000000000000
0000000010000000011100000000000000000000
0000000100000000000011100000000000000000
0000000100000000000011100000000000000000
0000000100000000000000011000000000000000
0000000100000000000000010000000000000000
0000000100000000000000010000000000000000
0000001000000000000000010000000000000000
0000001000000000000000010000000000000000
0000001000000000000000100000000000000000
0000001000000000000000100000000000000000
0000001000000000000000100000000000000000
0000010000000000000001000000000000000000
0000010000000000000001000000000000000000
0000010000000000000001000000000000000000
0000101000000000000010000000000000000000
0000101000000000000010000000000000000000
0000100110000000000010000000000000000000
0000000001000000000100000000000000000000
0000000001000000000100000000000000000000
0000000000110000000100000000000000000000
0000000000001100001000000000000000000000
0000000000001100001000000000000000000000
0000000000000010001000000000000000000000
0000000000000010001000000000000000000000
0000000000000001110000000000000000000000
