00000000001111100000000000010000000000
00000000001000011111111110010000000000
00000000001000000000000001111100000000
00000000001000000000000001111100000000
00000000001000000000000000010000000000
00000000001000000000000000010000000000
00000000001000000000000000010000000000
00000000001000000000000000010000000000
00000000001000000000000000010000000000
00000000001000000000000000010000000000
00000000001000000000000000010000000000
00000000001000000000000000010000000000
00000000001000000000000000010000000000
00000000001000000000000000010000000000
00000000010000000000000000100000000000
00000000010000000000000000100000000000
00000000010000000000000000100000000000
00000000010000000000000000100000000000
00000000010000000000000000100000000000
00000000010000000000000000100000000000
00000000010000000000000000100000000000
00000000010000000000000000100000000000
00000000010000000000000000100000000000
00000000010000000000000000100000000000
00000000010000000000000000100000000000
00000000010000000000000000100000000000
00000000010000000000000000100000000000
00000000010000000000000000100000000000
00000000111111111111111111100000000000