00000000000000000000011010000000000000
00000000000000000001100010000000000000
00000000000000000001100010000000000000
00000000000000000010000001000000000000
00000000000000000010000001000000000000
00000000000000001100000001000000000000
00000000000000110000000000100000000000
00000000000000110000000000100000000000
00000000000001000000000000010000000000
00000000000110000000000000010000000000
00000000000110000000000000010000000000
00000000011000000000000000001000000000
00000000011000000000000000001000000000
00000000100000000000000000001000000000
00000010000000000000000000000100000000
00000010000000000000000000000100000000
00000001000000000000000000000000000000
00000001000000000000000000000000000000
00000001000000000000000000000000000000
00000000100000000000000000000000000000
00000000100000000000000000000000000000
00000000010000000000000000000000000000
00000000001000000000000000000000000000
00000000001000000000000000000000000000
00000000001000000000000000000000000000
00000000000100000000000000000100000000
00000000000100000000000000000100000000
00000000000010000000000000011000000000
00000000000010000000000000011000000000
00000000000010000000000000100000000000
00000000000001000000000011000000000000
00000000000001000000000011000000000000
00000000000000100000001100000000000000
00000000000000010000010000000000000000
00000000000000010000010000000000000000
00000000000000010001100000000000000000
00000000000000010001100000000000000000
00000000000000001010000000000000000000
00000000000000001100000000000000000000
00000000000000001100000000000000000000