00000000000001100000000000000000000000
00000000000010011000000000000000000000
00000000000010001000000000000000000000
00000000000010000100000000000000000000
00000000000100000010000000000000000000
00000000000100000010000000000000000000
00000000001000000001100000000000000000
00000000010000000000010000000000000000
00000000010000000000010000000000000000
00000000010000000000001010000000000000
00000000110000000000001010000000000000
00000000100000000000000110000000000000
00000001000000000000000101000000000000
00000001000000000000000101000000000000
00000010000000000000001000000000000000
00000010000000000000010000000000000000
00000010000000000000010000000000000000
00000100000000000000010000000000000000
00000100000000000000010000000000000000
00000011000000000000100000000000000000
00000000110000000000100000000000000000
00000000110000000000100000000000000000
00000000001000000001000000000000000000
00000000000110000010000000000000000000
00000000000110000010000000000000000000
00000000000001100010000000000000000000
00000000000001100010000000000000000000
00000000000000011100000000000000000000