00000000100000000000000000000000000000
00000001011000000000000000000000000000
00000001000110000000000000000000000000
00000001000110000000000000000000000000
00000010000001100000000000000000000000
00000010000001100000000000000000000000
00000010000000010000000000000000000000
00000100000000001100000000000000000000
00000100000000001100000000000000000000
00001000000000000011000000000000000000
00001000000000000000110000000000000000
00001000000000000000110000000000000000
00010000000000000000101000000000000000
00010000000000000000101000000000000000
00100000000000000001000000000000000000
00100000000000000001000000000000000000
00100000000000000001000000000000000000
01000000000000000010000000000000000000
01000000000000000100000000000000000000
01000000000000000100000000000000000000
10000000000000001000000000000000000000
10000000000000001000000000000000000000
10000000000000001000000000000000000000
01100000000000010000000000000000000000
01100000000000010000000000000000000000
00011000000000100000000000000000000000
00000100000001000000000000000000000000
00000100000001000000000000000000000000
00000011000001000000000000000000000000
00000011000001000000000000000000000000
00000000110010000000000000000000000000
00000000001100000000000000000000000000