00000000100000000000000000000000000000
00000001010000000000000000000000000000
00000001010000000000000000000000000000
00000001001100000000000000000000000000
00000001001100000000000000000000000000
00000010000010000000000000000000000000
00000100000001100000000000000000000000
00000100000001100000000000000000000000
00001000000000010000000000000000000000
00001000000000001100000000000000000000
00001000000000001100000000000000000000
00010000000000000010000000000000000000
00010000000000000010000000000000000000
00100000000000000001100000000000000000
01000000000000000000010000000000000000
01000000000000000000010000000000000000
01000000000000000000100000000000000000
10000000000000000001000000000000000000
10000000000000000001000000000000000000
01000000000000000001000000000000000000
01000000000000000001000000000000000000
00110000000000000010000000000000000000
00001000000000000100000000000000000000
00001000000000000100000000000000000000
00000100000000000100000000000000000000
00000010000000001000000000000000000000
00000010000000001000000000000000000000
00000001000000010000000000000000000000
00000001000000010000000000000000000000
00000000110000010000000000000000000000
00000000001000100000000000000000000000
00000000001000100000000000000000000000
00000000000101000000000000000000000000
00000000000001000000000000000000000000