00000000000000000000000011110000000000
00000001000000000011011101000000000000
00000001000000000011111101000000000000
00000001000011111100000000100000000000
00000001100001111000000000100000000000
00000000111100000000000000100000000000
00000000100000000000000000100000000000
00000000100000000000000000100000000000
00000000100000000000000000100000000000
00000000100000000000000000010000000000
00000000100000000000000000010000000000
00000000010000000000000000010000000000
00000000010000000000000000010000000000
00000000010000000000000000010000000000
00000000010000000000000000010000000000
00000000010000000000000000010000000000
00000000001000000000000000001000000000
00000000001000000000000000001000000000
00000000001000000000000000001000000000
00000000001000000000000000001000000000
00000000001000000000000000001000000000
00000000001000000000000000001000000000
00000000000100000000000000000100000000
00000000000100000000000000000100000000
00000000000100000000000000000100000000
00000000000100000000000000001100000000
00000000000100000000000000001100000000
00000000000100000000000011110000000000
00000000000100000000000011110000000000
00000000000010000000111100000000000000
00000000000010001111000000000000000000
00000000000010001111000000000000000000
00000000000000110000000000000000000000