00000000000000000000110000000000000000
00000000000000000011001000000000000000
00000000000000000011001000000000000000
00000000000000000100001000000000000000
00000000000000010000000100000000000000
00000000000000011000000100000000000000
00000000000000100000000100000000000000
00000000000000000000000000000000000000
00000000000001000000000010000000000000
00000000000110000000000001000000000000
00000000000110000000000001000000000000
00000000001000000000000001000000000000
00000000110000000000000000100000000000
00000000110000000000000000100000000000
00000001000000000000000000010000000000
00000001000000000000000000010000000000
00000000100000000000000000010000000000
00000000100000000000000000001000000000
00000000100000000000000000001000000000
00000000010000000000000000001000000000
00000000010000000000000000000100000000
00000000010000000000000000000100000000
00000000001000000000000000000000000000
00000000001000000000000000000000000000
00000000001000000000000000001100000000
00000000000100000000000000110000000000
00000000000100000000000000110000000000
00000000000010000000000111000000000000
00000000000010000000011000000000000000
00000000000010000000011000000000000000
00000000000001000011100000000000000000
00000000000001000011100000000000000000
00000000000001001100000000000000000000
00000000000000110000000000000000000000