00000000000001100000000000000000000000
00000000000110010000000000000000000000
00000000000110010000000000000000000000
00000000011000010000000000000000000000
00000000011000010000000000000000000000
00000001100000001000000000000000000000
00000110000000001000000000000000000000
00000110000000001000000000000000000000
00011000000000000100000000000000000000
00110000000000000100000000000000000000
00110000000000000100000000000000000000
00010000000000000100000000000000000000
00010000000000000100000000000000000000
00001000000000000010000000000000000000
00001000000000000010000000000000000000
00001000000000000010000000000000000000
00001000000000000010000000000000000000
00000100000000000000000000000000000000
00000100000000000001000000000000000000
00000100000000000001000000000000000000
00000100000000000001000000000000000000
00000100000000000000100000000000000000
00000100000000000001100000000000000000
00000100000000000001100000000000000000
00000010000000001110000000000000000000
00000010000001110000000000000000000000
00000010000001110000000000000000000000
00000010000110000000000000000000000000
00000010000110000000000000000000000000
00000001111000000000000000000000000000