00000000000000110000000000000000000000
00000000000000101100000000000000000000
00000000000000101100000000000000000000
00000000000001000011000000000000000000
00000000000010000000100000000000000000
00000000000010000000100000000000000000
00000000000100000000011000000000000000
00000000000100000000000110000000000000
00000000000100000000000110000000000000
00000000001000000000000001110000000000
00000000001000000000000001110000000000
00000000010000000000000000110000000000
00000000010000000000000000100000000000
00000000010000000000000000100000000000
00000000100000000000000001000000000000
00000001000000000000000001000000000000
00000001000000000000000001000000000000
00000010000000000000000010000000000000
00000010000000000000000010000000000000
00000010000000000000000010000000000000
00000100000000000000000100000000000000
00000100000000000000000100000000000000
00000011000000000000000100000000000000
00000000110000000000001000000000000000
00000000110000000000001000000000000000
00000000001100000000001000000000000000
00000000001100000000001000000000000000
00000000000011000000010000000000000000
00000000000000110000010000000000000000
00000000000000110000010000000000000000
00000000000000001100100000000000000000
00000000000000000110100000000000000000
00000000000000000011100000000000000000