00000000000000000111000000000000000000
00000000000000011001000000000000000000
00000000000000011001000000000000000000
00000000000011100001000000000000000000
00000000011100000000100000000000000000
00000000011100000000100000000000000000
00000001100000000000100000000000000000
00000000000000000000100000000000000000
00000110000000000000010000000000000000
00000100000000000000010000000000000000
00000100000000000000010000000000000000
00000010000000000000010000000000000000
00000010000000000000001000000000000000
00000010000000000000001000000000000000
00000001000000000000001000000000000000
00000001000000000000001000000000000000
00000001000000000000001000000000000000
00000001000000000000000100000000000000
00000001000000000000000100000000000000
00000000100000000000000100000000000000
00000000100000000000000010000000000000
00000000100000000000000010000000000000
00000000100000000000001110000000000000
00000000100000000000001110000000000000
00000000010000000011110000000000000000
00000000010000011100000000000000000000
00000000010000011100000000000000000000
00000000001111100000000000000000000000
00000000011000000000000000000000000000