0000000000000000110000000000000000000000
0000000000000000110000000000000000000000
0000000000000001010000000000000000000000
0000000000000110001000000000000000000000
0000000000000110001000000000000000000000
0000000000001000001000000000000000000000
0000000000001000001000000000000000000000
0000000000010000000100000000000000000000
0000000001100000000100000000000000000000
0000000001100000000100000000000000000000
0000000010000000000010000000000000000000
0000001100000000000001000000000000000000
0000001100000000000001000000000000000000
0000010000000000000001000000000000000000
0000010000000000000001000000000000000000
0000001000000000000000100000000000000000
0000001000000000000000100000000000000000
0000001000000000000000100000000000000000
0000000100000000000000010000000000000000
0000000100000000000000010000000000000000
0000000100000000000000010000000000000000
0000000010000000000000001000000000000000
0000000010000000000000001000000000000000
0000000010000000000000001000000000000000
0000000001000000000000010000000000000000
0000000001000000000000010000000000000000
0000000001000000000001100000000000000000
0000000000100000000010000000000000000000
0000000000100000000010000000000000000000
0000000000100000000100000000000000000000
0000000000100000000100000000000000000000
0000000000010000001000000000000000000000
0000000000010000010000000000000000000000
0000000000010000010000000000000000000000
0000000000001001100000000000000000000000
