0000000000000001100000000000000000000000
0000000000000110100000000000000000000000
0000000000000110100000000000000000000000
0000000000001000010000000000000000000000
0000000000001000010000000000000000000000
0000000000010000001000000000000000000000
0000000000100000000100000000000000000000
0000000000100000000100000000000000000000
0000000001000000000100000000000000000000
0000000110000000000010000000000000000000
0000000110000000000010000000000000000000
0000001000000000000001000000000000000000
0000001000000000000001000000000000000000
0000010000000000000000100000000000000000
0000100000000000000000100100000000000000
0000100000000000000000100100000000000000
0001000000000000000000011000000000000000
0000100000000000000000010000000000000000
0000100000000000000000010000000000000000
0000010000000000000000100000000000000000
0000010000000000000000100000000000000000
0000001100000000000001000000000000000000
0000000010000000000010000000000000000000
0000000010000000000010000000000000000000
0000000001000000000010000000000000000000
0000000000100000000100000000000000000000
0000000000100000000100000000000000000000
0000000000010000001000000000000000000000
0000000000010000001000000000000000000000
0000000000001100010000000000000000000000
0000000000000010100000000000000000000000
0000000000000010100000000000000000000000
0000000000000001000000000000000000000000