0000000000000001100010000000000000000000
0000000000000011000001000000000000000000
0000000000000011000001000000000000000000
0000000000000011000000100000000000000000
0000000000000110000000100000000000000000
0000000000000110000000100000000000000000
0000000000000100000000010000000000000000
0000000000000100000000010000000000000000
0000000000001000000000001000000000000000
0000000000010000000000000100000000000000
0000000000010000000000000100000000000000
0000000000100000000000000010000000000000
0000000000100000000000000010000000000000
0000000000100000000000000010000000000000
0000000001000000000000000001000000000000
0000000000000000000000000001000000000000
0000000010000000000000000000100000000000
0000000100000000000000000000010000000000
0000010000000000000000000000010000000000
0000010000000000000000000000011000000000
0000000010000000000000000000011000000000
0000000010000000000000000000011000000000
0000000001000000000000000000100100000000
0000000001000000000000000000100100000000
0000000000100000000000000001000000000000
0000000000010000000000000010000000000000
0000000000010000000000000010000000000000
0000000000001000000000001100000000000000
0000000000000100000000010000000000000000
0000000000000100000000010000000000000000
0000000000000010000000100000000000000000
0000000000000010000000100000000000000000
0000000000000001000001000000000000000000
0000000000000000100010000000000000000000
0000000000000000100010000000000000000000
0000000000000000010100000000000000000000
0000000000000000001000000000000000000000