00000000000000000000100000000000000000
00000000000000000001010000000000000000
00000000000000000001010000000000000000
00000000000000000010001000000000000000
00000000000000000010001000000000000000
00000000000000001100000100000000000000
00000000000000010000000010000000000000
00000000000000010000000010000000000000
00000000000000100000000010000000000000
00000000000001000000000001000000000000
00000000000001000000000001000000000000
00000000000010000000000000100000000000
00000000000010000000000000100000000000
00000000001100000000000000010000000000
00000000010000000000000000001000000000
00000000010000000000000000001000000000
00000000100000000000000000000100000000
00000101000000000000000000000000000000
00000101000000000000000000000000000000
00000010000000000000000000000000000000
00000010000000000000000000000000000000
00000001000000000000000000000000000000
00000000100000000000000000000100000000
00000000100000000000000000000100000000
00000000010000000000000000001000000000
00000000001000000000000000010000000000
00000000001000000000000000010000000000
00000000000100000000000000100000000000
00000000000100000000000000100000000000
00000000000011000000000001000000000000
00000000000000100000000010000000000000
00000000000000100000000010000000000000
00000000000000010000000100000000000000
00000000000000001000001000000000000000
00000000000000001000001000000000000000
00000000000000000100010000000000000000
00000000000000000100010000000000000000
00000000000000000010100000000000000000
00000000000000000001000000000000000000