00000000000000001100000000000000000000
00000000000000010010000000000000000000
00000000000000010001000000000000000000
00000000000000010001000000000000000000
00000000000000100000100000000000000000
00000000000001000000010000000000000000
00000000000001000000010000000000000000
00000000000001000000001100000000000000
00000000000001000000001100000000000000
00000000000010000000000010000000000000
00000000000100000000000001000000000000
00000000000100000000000001000000000000
00000000000100000000000000100000000000
00000000001000000000000000010100000000
00000000001000000000000000010100000000
00000000010000000000000000001000000000
00000000010000000000000000001000000000
00000000010000000000000000001000000000
00000000101000000000000000010000000000
00000000101000000000000000010000000000
00000000000100000000000000100000000000
00000000000011000000000000100000000000
00000000000011000000000000100000000000
00000000000000100000000001000000000000
10000000000000100000000001000000000000
00000000000000010000000010000000000000
00000000000000001000000010000000000000
00000000000000001000000010000000000000
00000000000000000100000100000000000000
10000000000000000011001000000000000000
00000000000000000011001000000000000000
00000000000000000000101000000000000000
10000000000000000000101000000000000000