0000000000000001111000000000000000000000
0000000111111110001000000000000000000000
0001111000000000001000000000000000000000
0001111000000000001000000000000000000000
0000010000000000001000000000000000000000
0000010000000000000100000000000000000000
0000010000000000000100000000000000000000
0000010000000000000100000000000000000000
0000010000000000000100000000000000000000
0000010000000000000100000000000000000000
0000010000000000000100000000000000000000
0000010000000000000100000000000000000000
0000010000000000000100000000000000000000
0000010000000000000100000000000000000000
0000010000000000000100000000000000000000
0000010000000000000100000000000000000000
0000010000000000000100000000000000000000
0000010000000000000010000000000000000000
0000010000000000000010000000000000000000
0000010000000000000010000000000000000000
0000010000000000000010000000000000000000
0000010000000000000010000000000000000000
0000010000000000000010000000000000000000
0000010000000000111100000000000000000000
0000010000000000111100000000000000000000
0000010001111111000000000000000000000000
0000011110000000000000000000000000000000