0000000000000000110000000000000000000000
0000000000000000110000000000000000000000
0000000000000000011100000000000000000000
0000000000000000100011000000000000000000
0000000000000000100011000000000000000000
0000000000000001000000111000000000000000
0000000000000001000000111000000000000000
0000000000000001000000000110000000000000
0000000000000010000000000001100000000000
0000000000000010000000000001100000000000
0000000000000100000000000000000000000000
0000000000001000000000000000100000000000
0000000000001000000000000000100000000000
0000000000001000000000000001000000000000
0000000000001000000000000001000000000000
0000000000010000000000000001000000000000
0000000000100000000000000010000000000000
0000000000100000000000000010000000000000
0000000000100000000000000010000000000000
0000000001000000000000000100000000000000
0000000001000000000000000100000000000000
0000000001000000000000001000000000000000
0000000001000000000000001000000000000000
0000000000110000000000001000000000000000
0000000000001100000000010000000000000000
0000000000001100000000010000000000000000
0000000000000011000000010000000000000000
0000000000000000110000100000000000000000
0000000000000000110000100000000000000000
0000000000000000001100100000000000000000
0000000000000000001100100000000000000000
0000000000000000000011000000000000000000