0000000000000000101000000000000000000000
0000000000000001000100000000000000000000
0000000000000001000100000000000000000000
0000000000000010000010000000000000000000
0000000000000100000001000000000000000000
0000000000000100000001000000000000000000
0000000000001000000000100000000000000000
0000000000001000000000100000000000000000
0000000000010000000000010000000000000000
0000000000010000000000001000000000000000
0000000000010000000000001000000000000000
0000000000100000000000000100000000000000
0000000001000000000000000010000000000000
0000000001000000000000000010000000000000
0000000010000000000000000001000000000000
0000000010000000000000000001000000000000
0000000100000000000000000000100000000000
0000001000000000000000000000010000000000
0000001000000000000000000000010000000000
0000010000000000000000000000000000000000
0000001000000000000000000000000000000000
0000001000000000000000000000000000000000
0000000100000000000000000000010000000000
0000000100000000000000000000010000000000
0000000010000000000000000000100000000000
0000000001000000000000000001000000000000
0000000001000000000000000001000000000000
0000000000100000000000000010000000000000
0000000000010000000000000100000000000000
0000000000010000000000000100000000000000
0000000000010000000000001000000000000000
0000000000010000000000001000000000000000
0000000000001000000000010000000000000000
0000000000000100000000100000000000000000
0000000000000100000000100000000000000000
0000000000000010000001000000000000000000
0000000000000001000010000000000000000000
0000000000000001000010000000000000000000
0000000000000000100100000000000000000000
0000000000000000100100000000000000000000
0000000000000000011000000000000000000000
0000000000000000010000000000000000000000