0000000000001100000000000000000000000000
0000000000001011100000000000000000000000
0000000000001011100000000000000000000000
0000000000001000011100000000000000000000
0000000000001000011100000000000000000000
0000000000010000000011100010000000000000
0000000000010000000000011010000000000000
0000000000010000000000011010000000000000
0000000000010000000000000010000000000000
0000000000010000000000000010000000000000
0000000000010000000000000010000000000000
0000000000100000000000000100000000000000
0000000000100000000000000100000000000000
0000000000100000000000000100000000000000
0000000000100000000000000100000000000000
0000000000100000000000000100000000000000
0000000000100000000000000100000000000000
0000000000100000000000000100000000000000
0000000000100000000000000100000000000000
0000000001000000000000000100000000000000
0000000001000000000000000100000000000000
0000000001000000000000001000000000000000
0000000001111000000000001000000000000000
0000000001111000000000001000000000000000
0000000000000111100000001000000000000000
0000000000000000011110001000000000000000
0000000000000000011110001000000000000000
0000000000000000000001110000000000000000