00000000100000000000000000000000000000
00000001010000000000000000000000000000
00000010001000000000000000000000000000
00000010001000000000000000000000000000
00000010000110000000000000000000000000
00000010000100000000000000000000000000
00000100000001000000000000000000000000
00001000000000100000000000000000000000
00001000000000100000000000000000000000
00010000000000010000000000000000000000
00010000000000001000000000000000000000
00010000000000001000000000000000000000
00100000000000000110000000000000000000
00100000000000000110000000000000000000
01000000000000000001000000000000000000
10000000000000000000100000000000000000
10000000000000000000100000000000000000
10000000000000000000110000000000000000
01000000000000000001000000000000000000
01000000000000000001000000000000000000
00100000000000000010000000000000000000
00100000000000000010000000000000000000
00100000000000000100000000000000000000
00010000000000001000000000000000000000
00010000000000001000000000000000000000
00001000000000010000000000000000000000
00000000000000100000000000000000000000
00000100000000100000000000000000000000
00000010000001000000000000000000000000
00000010000001000000000000000000000000
00000001000010000000000000000000000000
00000001000100000000000000000000000000
00000001000100000000000000000000000000
00000000101000000000000000000000000000
00000000010000000000000000000000000000